[0, 0, 16.426, 0, 0, 0, 63.7491, 0, 0, 0, 25.6544, 60.2783, 0, 38.2096, 12.5808, 0, 50.5044, 58.9738, 77.1283, 0, 0, 74.8243, 0, 0, 39.3896, 23.1921, 0, 10.8663, 20.6702, 0, 91.2941, 0, 0, 88.4988, 0, 0, 73.0694, 0, 7.7634, 0, 91.9337, 97.4227, 26.6251, 0, 0, 0, 99.4522, 0, 77.7747, 0, 0, 63.5773, 0, 0, 0, 0, 0, 47.6897, 96.6641, 92.0458, 33.2089, 0, 0, 0, 68.0292, 6.8005, 0, 75.7421, 25.6899, 62.7908, 0, 95.1642, 0, 0, 7.638, 53.8372, 90.6109, 0, 0, 60.0624, 0, 6.9263, 0, 9.8165, 0, 13.345, 0, 0, 0, 13.7092, 0, 0, 0, 0, 86.1239, 34.4819, 0, 0, 86.0247, 63.3229]
[0, 0, 0, 63.5002, 49.914, 92.3482, 0, 13.0118, 0, 66.6319, 29.5901, 91.4675, 39.8535, 24.3081, 0, 0, 76.2475, 13.519, 0, 50.3121, 24.9381, 0, 0, 76.3633, 59.2872, 0, 0, 65.7108, 0, 0, 0, 84.1163, 0, 0, 38.6261, 0, 0, 11.4966, 22.6533, 0, 23.6086, 49.3715, 84.0178, 86.6106, 7.2585, 64.6512, 0, 50.8907, 52.0571, 21.4261, 81.3855, 19.0935, 0, 2.9028, 15.4878, 66.2391, 0, 0, 22.0471, 71.4786, 0, 82.1496, 73.06, 0, 0, 0, 35.8936, 16.2249, 0, 0, 0, 0, 16.6144, 20.9271, 66.3169, 20.2105, 57.9095, 27.3474, 0, 53.7917, 0, 0, 63.6362, 0, 0, 99.4957, 40.6874, 36.3684, 80.1712, 0, 14.0343, 0, 0, 26.1598, 61.4523, 0, 0, 0, 44.843, 0]
[16.426, 0, 0, 62.7009, 39.9108, 39.9321, 90.1267, 23.7385, 39.2145, 46.9787, 90.6924, 28.4455, 0, 55.5985, 59.9513, 0, 0, 0, 0, 78.8235, 0, 16.3985, 22.6659, 39.7187, 0, 84.884, 0, 0, 0, 0, 71.1269, 62.909, 0, 23.5658, 0, 82.3217, 96.7808, 89.8067, 95.4528, 0, 0, 74.2613, 0, 0.0299, 0, 78.6373, 17.4492, 0, 0, 0, 0, 0, 37.8846, 67.4479, 5.5209, 55.8935, 0, 89.9784, 0, 85.1107, 50.6207, 67.0147, 98.9942, 18.7143, 50.7211, 66.1697, 1.3154, 0, 86.4216, 0, 35.4008, 0, 38.537, 15.8481, 0, 0, 13.3611, 57.1176, 57.3002, 0, 44.7844, 79.6711, 72.3265, 24.1603, 18.3968, 0, 0, 89.4608, 0, 0, 10.0785, 0, 83.843, 84.9444, 0, 40.679, 31.5744, 0, 50.7289, 50.9166]
[0, 63.5002, 62.7009, 0, 24.0764, 0, 0, 12.7604, 0, 0, 0, 90.9653, 0, 0, 0, 0, 0, 38.3116, 0, 0, 59.7806, 64.4216, 36.6721, 44.5323, 0, 18.3991, 65.0704, 0, 85.1806, 75.7701, 0, 0, 0, 67.5775, 0, 0, 0, 0, 0, 0, 81.7811, 4.7865, 4.9271, 0, 0, 30.6456, 0, 0, 12.8523, 93.2247, 0, 0, 52.428, 0, 11.3993, 0, 83.5807, 34.5732, 57.4901, 19.192, 92.1235, 19.957, 0, 2.1533, 95.7436, 45.7833, 67.7002, 0, 56.3472, 69.0608, 0, 0, 0, 45.7003, 90.9649, 25.326, 47.6921, 0, 56.4373, 0, 98.0125, 66.4007, 14.6143, 93.1061, 13.1997, 39.6774, 24.278, 0, 56.6986, 97.2749, 0, 0, 0, 86.1108, 22.1902, 65.631, 49.4068, 79.6059, 0, 18.6331]
[0, 49.914, 39.9108, 24.0764, 0, 0, 0, 0, 13.0299, 0, 68.7912, 66.447, 0, 8.1674, 0, 0, 0, 4.2241, 0, 0, 0, 7.4396, 0, 0, 10.3983, 94.4254, 0, 0, 60.4297, 12.658, 49.428, 25.2381, 65.8154, 0, 1.6932, 0, 0, 42.0231, 66.6825, 24.044, 90.3296, 36.0654, 0, 80.6297, 0, 1.2761, 0, 0, 0, 48.3996, 86.8571, 0, 0, 46.4964, 0, 99.7068, 0, 0, 6.0387, 35.2428, 0, 10.5108, 0, 55.9622, 59.5413, 76.1043, 17.4392, 15.3363, 95.8507, 15.0119, 0, 0, 0, 63.9556, 0, 62.0, 72.319, 0, 98.8603, 0, 0, 28.4719, 66.9148, 0, 0, 20.4256, 28.565, 0, 60.6326, 30.9153, 13.5424, 47.3382, 0, 0, 74.5045, 0, 2.9277, 98.8712, 7.2329, 57.4651]
[0, 92.3482, 39.9321, 0, 0, 0, 16.4569, 39.8097, 38.3262, 0, 5.5283, 53.8676, 22.3106, 87.6189, 68.339, 83.5349, 98.1936, 21.5387, 68.9986, 77.8557, 0, 0, 52.0509, 17.0884, 0, 0, 0, 0, 63.3237, 0, 19.1089, 0, 43.3164, 0, 84.5129, 0, 0, 3.8352, 80.0816, 30.385, 0, 0.3945, 10.3919, 0, 0, 96.072, 71.2498, 0, 99.8884, 53.3924, 0, 0, 0, 45.7134, 14.4741, 27.3156, 41.1836, 38.6994, 81.9503, 27.4731, 0, 0, 0, 0, 26.0003, 42.4433, 81.1185, 6.9994, 44.6463, 94.7333, 0, 0, 0, 0, 86.6443, 95.8531, 4.5235, 0, 0, 50.9331, 2.8602, 46.6771, 16.9817, 42.8619, 0, 5.3203, 0, 0, 61.7102, 47.8809, 81.2756, 45.7045, 60.6366, 0, 0, 46.3547, 0, 98.4987, 65.7361, 0]
[63.7491, 0, 90.1267, 0, 0, 16.4569, 0, 69.4565, 85.0479, 97.2392, 0, 0, 14.8235, 0, 31.9911, 0, 84.3048, 2.2212, 0, 0, 0, 0, 93.9951, 32.547, 74.9162, 0, 0, 19.0017, 0, 81.7244, 20.843, 96.2277, 30.7713, 0, 0, 38.644, 45.855, 0, 0, 0, 0, 27.3153, 46.0588, 0.8721, 0, 52.6062, 95.8332, 32.1984, 0, 67.3877, 0, 51.6431, 38.8939, 52.1128, 77.7018, 10.8856, 87.1775, 0, 0, 0, 0, 0, 71.1166, 97.3137, 0, 29.4794, 0, 0, 39.0698, 42.3895, 46.5665, 0, 0, 0, 62.5189, 64.1884, 28.7835, 0, 97.0967, 0, 38.7644, 96.2708, 91.1467, 76.0641, 9.7289, 54.5886, 43.6353, 0, 31.194, 47.6002, 0, 88.3053, 0, 0, 0, 0, 0, 19.3679, 17.1652, 92.2806]
[0, 13.0118, 23.7385, 12.7604, 0, 39.8097, 69.4565, 0, 80.2789, 0, 13.9756, 26.3087, 31.2804, 69.4999, 74.1125, 0, 30.5031, 31.6929, 0, 0, 0, 0, 0, 0, 17.0274, 73.7408, 0, 0, 2.5975, 62.4285, 0, 51.4801, 12.3027, 0, 60.3922, 0, 30.8112, 65.4112, 7.4783, 12.4746, 54.1985, 90.2123, 0, 0, 0, 0, 0, 0, 0, 0, 51.3685, 0, 86.2918, 0, 0, 0, 0, 15.959, 11.465, 98.4974, 94.682, 15.8953, 0, 92.8031, 0, 12.975, 8.5521, 73.4027, 0, 68.779, 0, 0, 11.2979, 0, 61.036, 30.1908, 67.559, 0, 30.0514, 19.495, 0.8722, 0, 0, 15.9568, 37.9533, 56.8178, 0, 0, 27.4042, 0, 47.2139, 16.0219, 29.5669, 0, 0, 52.6454, 63.731, 0, 0, 45.2195]
[0, 0, 39.2145, 0, 13.0299, 38.3262, 85.0479, 80.2789, 0, 99.3241, 0, 0, 25.3687, 0, 41.4087, 81.6307, 41.8123, 0, 92.5163, 2.7363, 24.5603, 0, 0, 0, 0, 91.2839, 0, 0, 79.0618, 0, 0, 0, 0, 2.6146, 10.1051, 3.2612, 0, 0, 16.6691, 0, 0, 94.6326, 94.2452, 21.4783, 0, 0, 0, 0, 13.9834, 78.1995, 0, 92.7433, 0, 0, 62.7189, 64.7625, 26.1605, 4.8611, 61.2164, 0, 10.819, 60.1659, 29.9115, 0, 0, 51.9602, 97.3816, 23.3618, 0, 89.5452, 0, 0, 0, 78.0803, 66.7363, 89.3877, 0, 20.1645, 77.0651, 52.9481, 90.7805, 82.4286, 4.7611, 14.1005, 13.392, 0, 0, 25.0033, 16.5071, 36.9539, 0, 0, 0, 0, 16.7171, 45.1375, 97.0189, 0, 91.8131, 86.3108]
[0, 66.6319, 46.9787, 0, 0, 0, 97.2392, 0, 99.3241, 0, 0, 0, 19.3439, 2.3654, 37.2769, 90.6635, 0, 0, 12.8472, 0, 0, 0, 0, 76.2452, 0, 0, 55.101, 23.303, 0, 0, 75.2033, 78.3058, 17.6962, 92.3711, 0, 0, 0, 29.312, 88.7279, 71.765, 59.5745, 0, 2.6136, 0, 39.3724, 55.9092, 44.2062, 51.1801, 13.2389, 73.5716, 75.4812, 48.3778, 0, 14.8471, 91.8195, 35.3911, 0, 0, 0, 33.4565, 65.8354, 87.5255, 20.0483, 0, 29.8617, 0, 73.5468, 0, 68.4773, 0, 19.0384, 0, 18.2637, 37.6196, 0, 15.6919, 54.812, 0, 0, 4.6548, 0, 88.1528, 0, 73.3553, 0, 93.6047, 49.9399, 0, 0, 10.7753, 61.0037, 49.7316, 0, 43.4174, 0, 73.1493, 68.1238, 58.6997, 43.2432, 0]
[25.6544, 29.5901, 90.6924, 0, 68.7912, 5.5283, 0, 13.9756, 0, 0, 0, 30.6843, 80.5814, 0, 67.0677, 0, 0, 8.6428, 19.4224, 0, 0, 70.2944, 29.4244, 7.9074, 60.6597, 0, 12.5796, 94.9012, 59.7897, 25.481, 71.1872, 0, 0, 97.6606, 0, 72.5269, 47.4152, 48.7057, 21.7555, 12.8215, 0, 32.7918, 0, 79.0579, 81.2796, 0, 0, 0, 0, 0, 46.0571, 51.6759, 0, 28.7405, 51.3908, 0, 0, 55.7343, 44.9791, 0, 0, 0, 0, 0, 0, 0, 0, 90.5675, 97.3344, 0, 66.9639, 50.9506, 77.7046, 52.3317, 39.3417, 0, 96.3226, 32.2758, 30.0129, 16.0262, 29.1661, 87.5119, 91.9455, 0, 20.1434, 55.237, 84.651, 0, 62.876, 0, 28.7662, 0, 44.0422, 53.9915, 63.7261, 73.6999, 28.6723, 12.5998, 0, 0]
[60.2783, 91.4675, 28.4455, 90.9653, 66.447, 53.8676, 0, 26.3087, 0, 0, 30.6843, 0, 0, 76.9105, 40.7416, 70.6433, 0, 0, 75.2713, 0, 0, 0, 0, 5.3917, 22.1992, 9.404, 0.8716, 11.4473, 0, 0, 69.5344, 44.9421, 77.9772, 84.6218, 34.7822, 0, 61.1039, 0, 0, 6.8473, 55.4634, 43.8751, 0, 72.6527, 0.0522, 0, 1.5296, 48.9778, 0, 84.3352, 93.7865, 54.5898, 66.0052, 40.9608, 49.0501, 54.2403, 0, 0, 65.5262, 80.2226, 0, 0, 17.4732, 99.7931, 0, 0, 79.2597, 0, 0, 0, 0, 4.7407, 38.6032, 80.9628, 98.9073, 44.6776, 18.69, 72.8514, 52.9207, 99.1228, 62.3591, 0, 97.7567, 7.1026, 74.3743, 51.6296, 0, 0, 0, 32.9958, 58.7109, 59.8981, 0, 11.1549, 3.9034, 62.0434, 53.1289, 12.8668, 57.8009, 0]
[0, 39.8535, 0, 0, 0, 22.3106, 14.8235, 31.2804, 25.3687, 19.3439, 80.5814, 0, 0, 8.7517, 0, 0, 9.5029, 89.4329, 25.4636, 0, 24.6102, 0, 0, 0.4166, 0, 0, 81.0244, 81.6915, 24.7682, 43.978, 0, 45.2884, 88.6646, 0, 0, 96.4156, 50.7842, 36.3105, 82.3145, 97.6823, 0, 57.2512, 0, 0, 0, 0, 0.8648, 11.63, 0, 77.7797, 96.2942, 0, 38.805, 0, 0, 0, 20.7648, 0, 2.065, 0, 0, 5.4476, 18.133, 19.7509, 0, 0, 86.8883, 3.1652, 0, 0, 0, 0, 92.4345, 19.9209, 29.1297, 0, 0, 0, 0, 33.6262, 98.2267, 0, 34.5255, 0, 0, 56.8556, 0, 88.6907, 0, 0, 2.4271, 89.3086, 13.6879, 71.5573, 0, 0, 68.8037, 0, 92.6067, 74.421]
[38.2096, 24.3081, 55.5985, 0, 8.1674, 87.6189, 0, 69.4999, 0, 2.3654, 0, 76.9105, 8.7517, 0, 82.6098, 0, 73.73, 97.8343, 35.6375, 63.4483, 0, 44.9535, 0, 71.2455, 0, 0, 0, 0, 0, 0, 81.3636, 33.4328, 44.9085, 96.2145, 21.7177, 0, 0, 0, 0.7456, 64.7134, 27.102, 0, 53.7286, 93.8643, 36.8562, 68.675, 71.562, 84.2476, 55.5624, 0, 0, 0, 0, 18.4083, 0, 0, 23.0513, 0, 79.7492, 72.9998, 20.6929, 0, 91.7375, 62.756, 45.4899, 10.0224, 12.4013, 36.869, 64.6404, 0, 0, 8.3675, 0, 43.7318, 0, 0, 16.9514, 16.4908, 95.3966, 0, 21.87, 0, 0, 63.3581, 0, 0, 0.0049, 11.3203, 69.1865, 12.0882, 11.0878, 0, 98.0534, 10.5312, 62.6394, 95.94, 63.3659, 78.4336, 70.678, 0]
[12.5808, 0, 59.9513, 0, 0, 68.339, 31.9911, 74.1125, 41.4087, 37.2769, 67.0677, 40.7416, 0, 82.6098, 0, 26.7559, 0, 4.0311, 0, 81.5759, 7.085, 0, 0, 0, 0, 0, 0, 41.2202, 84.8851, 0, 74.6988, 15.9103, 89.0366, 0, 0, 43.3853, 0, 0, 57.7404, 78.5784, 43.2387, 62.2907, 25.0165, 0, 42.3845, 17.0579, 72.1075, 82.1854, 0, 65.3525, 0, 97.8175, 0, 0, 0, 41.0566, 75.4047, 50.4539, 94.201, 0, 0, 39.776, 0, 80.7114, 54.7821, 0, 35.2218, 0, 0, 46.9496, 83.3569, 0, 67.8272, 50.5408, 0, 36.3965, 0, 96.568, 71.3245, 96.2366, 70.7332, 90.6472, 0, 51.6239, 0, 76.6734, 11.6557, 4.5927, 72.0243, 97.3212, 37.861, 0, 53.97, 0, 85.1464, 26.4435, 0, 62.0621, 0, 53.8206]
[0, 0, 0, 0, 0, 83.5349, 0, 0, 81.6307, 90.6635, 0, 70.6433, 0, 0, 26.7559, 0, 50.684, 0, 10.8087, 0, 70.3355, 53.6282, 86.7773, 0, 83.3689, 0, 0, 0, 43.4217, 0, 7.5808, 0, 0, 0, 20.8959, 55.6042, 0, 60.7619, 0, 0, 92.1445, 0, 0, 20.4744, 0, 0, 0, 63.9386, 0, 55.1641, 90.7634, 0, 50.6246, 39.4065, 0, 0, 8.6674, 14.5711, 0, 78.3144, 10.4988, 27.5819, 83.3555, 0, 47.8614, 0, 94.3421, 52.1214, 93.4193, 0, 27.9455, 0, 0, 11.2146, 7.148, 96.3725, 0, 72.4532, 5.4259, 47.6282, 89.9314, 8.3133, 60.9364, 0, 0, 0, 0, 94.003, 0, 0, 4.8099, 33.7255, 80.7637, 0, 90.5829, 41.1903, 0, 0, 25.9744, 43.3162]
[50.5044, 76.2475, 0, 0, 0, 98.1936, 84.3048, 30.5031, 41.8123, 0, 0, 0, 9.5029, 73.73, 0, 50.684, 0, 6.8222, 6.4586, 46.5351, 0, 0, 0, 0, 0, 0, 73.1011, 40.7011, 62.9151, 0, 30.3121, 0, 23.0205, 0, 86.7811, 0, 1.1124, 25.3518, 0, 0, 0, 0, 10.8182, 0, 0, 32.0674, 0, 26.33, 71.0722, 35.5947, 0, 59.6927, 0, 70.7483, 20.6863, 20.4785, 0, 20.6552, 7.0833, 0, 0, 0, 0, 83.7222, 0, 0, 11.8298, 0, 0, 0, 17.1305, 72.0878, 0, 0, 3.333, 0, 0, 0, 0, 66.7037, 53.4737, 42.2899, 12.6443, 4.1085, 0, 0, 51.8091, 39.6581, 49.9928, 0, 0, 17.8641, 0, 7.4921, 90.6861, 92.7693, 0, 0, 0, 0]
[58.9738, 13.519, 0, 38.3116, 4.2241, 21.5387, 2.2212, 31.6929, 0, 0, 8.6428, 0, 89.4329, 97.8343, 4.0311, 0, 6.8222, 0, 0, 45.1598, 0, 0, 0, 23.2945, 0, 0, 90.2455, 41.8749, 2.1569, 84.1167, 17.3026, 74.8195, 29.2207, 78.5458, 0, 0, 37.8052, 0, 0, 0, 0, 94.5082, 9.7858, 0, 57.1398, 16.428, 0, 2.2596, 0, 58.1802, 0, 0, 89.7974, 39.2505, 18.6474, 61.3533, 0, 76.4989, 98.3581, 70.1319, 98.8211, 0, 57.4225, 47.0192, 99.2969, 16.6624, 96.726, 0, 0, 70.3637, 0, 35.7864, 20.2748, 0, 62.3202, 0, 0, 31.8876, 0, 41.1859, 22.6325, 0, 0, 29.5121, 37.847, 0, 0, 0, 32.2254, 0, 0, 63.8437, 0, 0, 49.5111, 0, 0, 48.4875, 0, 31.7443]
[77.1283, 0, 0, 0, 0, 68.9986, 0, 0, 92.5163, 12.8472, 19.4224, 75.2713, 25.4636, 35.6375, 0, 10.8087, 6.4586, 0, 0, 77.2322, 0, 0, 77.3695, 0, 0, 40.4165, 0, 0, 10.3407, 0, 0, 0, 0, 40.0765, 20.5358, 2.8222, 0, 0, 30.763, 22.3412, 89.6165, 39.7913, 28.0894, 24.4705, 11.748, 39.669, 21.085, 0, 0, 78.5756, 30.3467, 77.426, 42.3745, 0, 68.6948, 95.7045, 0, 0, 0, 0, 0, 96.1219, 14.0581, 32.9066, 21.8219, 65.0908, 0, 7.6925, 0, 0, 62.0441, 46.966, 29.7002, 0, 57.0164, 0, 29.9218, 42.2863, 0, 0, 40.3015, 0, 79.7583, 0, 0, 0, 20.78, 0, 0, 0, 0, 30.8396, 0, 90.5153, 48.1571, 0, 0, 12.048, 75.5313, 0]
[0, 50.3121, 78.8235, 0, 0, 77.8557, 0, 0, 2.7363, 0, 0, 0, 0, 63.4483, 81.5759, 0, 46.5351, 45.1598, 77.2322, 0, 73.678, 0, 67.9617, 0, 49.4498, 0, 15.8447, 74.8299, 0, 89.516, 58.4827, 0, 0, 0, 78.0326, 0, 54.5616, 18.7129, 2.8171, 0, 7.5029, 0, 82.469, 0, 72.1379, 12.9434, 0, 0, 22.6305, 0, 0, 0, 15.0908, 0, 18.0149, 0, 3.0716, 0, 33.9657, 34.6858, 0, 59.1236, 67.5743, 88.8415, 27.9531, 0, 0, 94.7785, 5.105, 0, 30.4867, 96.8891, 0, 0, 0, 90.0907, 21.1256, 98.1596, 0.2645, 21.2351, 84.0006, 0, 0, 98.4591, 5.9403, 44.4779, 0, 26.1067, 25.8042, 38.0398, 0, 0, 68.9476, 0, 0, 6.893, 0, 0, 26.4178, 0]
[0, 24.9381, 0, 59.7806, 0, 0, 0, 0, 24.5603, 0, 0, 0, 24.6102, 0, 7.085, 70.3355, 0, 0, 0, 73.678, 0, 33.2757, 90.2873, 0, 0, 0, 0, 91.2786, 0, 84.3591, 22.0105, 0, 96.2964, 0, 0, 0, 64.5135, 97.5509, 41.9012, 0, 0, 0, 48.4149, 0, 0, 98.2801, 17.817, 0, 0, 38.6241, 22.3997, 0, 14.2385, 29.0396, 44.3761, 21.162, 88.756, 42.1105, 0, 2.4814, 0, 1.1643, 20.0792, 64.749, 23.6182, 17.1413, 0, 80.5695, 17.2841, 0, 66.5596, 99.897, 0, 32.4817, 64.1765, 0, 6.0336, 43.4929, 0, 22.0872, 19.9127, 0, 80.102, 35.9582, 7.9897, 0, 7.5763, 0, 82.8093, 0, 0.7949, 53.4631, 1.1886, 67.7933, 0, 0, 89.671, 0, 64.2403, 49.3896]
[74.8243, 0, 16.3985, 64.4216, 7.4396, 0, 0, 0, 0, 0, 70.2944, 0, 0, 44.9535, 0, 53.6282, 0, 0, 0, 0, 33.2757, 0, 22.6247, 3.5839, 0, 45.1223, 94.7152, 0, 32.4304, 81.0655, 76.724, 0, 16.1708, 39.9043, 84.8098, 67.0447, 0, 73.117, 0, 0, 22.7062, 0, 0, 97.6983, 61.1749, 0, 0, 0, 65.534, 0, 0, 71.0031, 0, 0, 0, 0, 84.6846, 86.2571, 0, 15.7913, 83.2885, 0, 43.6958, 31.4739, 0, 0, 0, 0, 0, 49.7578, 0, 0, 25.7533, 19.0211, 0, 63.3194, 0, 0, 0, 4.19, 86.0697, 68.542, 3.7303, 99.8978, 84.35, 90.6565, 55.0179, 62.1444, 78.684, 0, 44.5061, 0, 0, 0, 0, 15.264, 77.0077, 0, 31.1058, 0]
[0, 0, 22.6659, 36.6721, 0, 52.0509, 93.9951, 0, 0, 0, 29.4244, 0, 0, 0, 0, 86.7773, 0, 0, 77.3695, 67.9617, 90.2873, 22.6247, 0, 49.5138, 0, 92.8598, 95.8817, 0, 0, 69.1199, 93.6977, 37.0264, 0, 39.1966, 0, 28.1929, 19.6424, 99.7954, 0, 0, 0, 43.9286, 0, 10.9101, 0, 62.3879, 29.7203, 8.7045, 0, 0, 70.5098, 41.0774, 10.7944, 0, 24.6081, 4.0726, 21.6386, 27.7414, 0, 79.1803, 0, 28.9485, 0, 0, 34.1775, 0, 0, 0, 36.522, 36.7638, 0, 37.2873, 17.7689, 87.0633, 0, 48.3942, 0, 0, 95.8025, 45.7284, 84.2006, 72.565, 86.5342, 0, 71.96, 0, 0, 1.3576, 14.9608, 0, 90.2765, 0, 41.3884, 0, 23.1394, 0, 0, 0, 15.9101, 0]
[0, 76.3633, 39.7187, 44.5323, 0, 17.0884, 32.547, 0, 0, 76.2452, 7.9074, 5.3917, 0.4166, 71.2455, 0, 0, 0, 23.2945, 0, 0, 0, 3.5839, 49.5138, 0, 36.479, 30.6001, 21.1248, 93.9146, 0, 81.8049, 13.1116, 63.4836, 0, 31.0176, 54.5504, 88.4962, 67.8149, 0, 0, 0, 0, 38.0531, 0, 28.9673, 37.1949, 0, 33.7648, 0, 77.3331, 46.5204, 82.8838, 0, 0, 0, 0, 4.0184, 0, 0, 0, 0, 65.5124, 27.1027, 96.0144, 0, 81.1766, 0, 32.1155, 0, 0, 24.244, 82.2558, 44.1457, 49.7464, 81.7883, 0, 22.5067, 0, 37.4486, 20.0232, 23.763, 0, 0, 0, 21.9889, 86.1827, 0, 0, 0, 0, 76.5395, 0.5312, 36.0871, 60.5327, 71.9193, 0, 0, 6.4331, 0, 0, 0]
[39.3896, 59.2872, 0, 0, 10.3983, 0, 74.9162, 17.0274, 0, 0, 60.6597, 22.1992, 0, 0, 0, 83.3689, 0, 0, 0, 49.4498, 0, 0, 0, 36.479, 0, 83.566, 0, 0, 0, 0, 71.2337, 55.1429, 0, 54.1021, 34.9115, 0, 0, 12.2807, 0, 0.6569, 0, 45.6367, 45.0631, 46.9932, 87.8034, 64.4108, 0, 89.5308, 0, 48.6547, 1.2849, 17.3698, 0, 0, 0, 0, 0, 30.0411, 0, 0, 43.9688, 0, 15.2079, 0, 0, 0, 98.5489, 85.6258, 13.73, 95.6299, 91.966, 74.8298, 45.2532, 31.9439, 64.4875, 74.3834, 0, 51.2249, 30.5238, 0, 14.9978, 52.4135, 0, 0, 0, 0, 0, 58.614, 38.8821, 0, 13.8864, 0, 0, 0, 2.0454, 0, 0, 12.4162, 13.0809, 0]
[23.1921, 0, 84.884, 18.3991, 94.4254, 0, 0, 73.7408, 91.2839, 0, 0, 9.404, 0, 0, 0, 0, 0, 0, 40.4165, 0, 0, 45.1223, 92.8598, 30.6001, 83.566, 0, 59.9643, 71.525, 14.544, 84.8359, 0, 87.0654, 67.1465, 98.0477, 74.4846, 0, 76.6788, 0, 0, 0, 0, 91.6989, 0, 0, 30.6045, 23.3001, 93.8157, 82.0356, 32.506, 65.5403, 0, 0, 49.7272, 13.1932, 88.1623, 0, 6.5485, 0, 90.7383, 80.2023, 76.17, 68.7658, 65.5522, 61.1754, 70.723, 0, 27.8153, 0, 94.5675, 65.18, 0, 0, 9.2188, 0, 0, 36.7104, 0, 26.872, 71.1323, 75.8821, 47.2134, 0, 0, 58.998, 18.3513, 0, 83.0706, 89.3558, 74.8419, 0, 0, 81.1017, 94.2718, 49.1269, 4.3806, 68.1593, 0, 0, 58.9613, 0]
[0, 0, 0, 65.0704, 0, 0, 0, 0, 0, 55.101, 12.5796, 0.8716, 81.0244, 0, 0, 0, 73.1011, 90.2455, 0, 15.8447, 0, 94.7152, 95.8817, 21.1248, 0, 59.9643, 0, 55.6594, 79.2849, 71.9986, 0, 0, 0, 9.9994, 0, 0, 29.3246, 29.9377, 82.4372, 13.932, 79.2111, 5.0878, 79.8455, 29.9979, 41.6815, 0, 2.288, 49.5994, 70.4211, 92.442, 61.6741, 0, 0, 0, 0, 46.245, 88.0025, 0, 49.7587, 69.2834, 3.0936, 6.1229, 93.018, 0, 20.9335, 0, 76.8563, 99.0279, 0, 98.69, 62.7766, 0, 79.5379, 34.9179, 0, 50.7454, 17.9724, 23.9015, 0, 0, 0, 60.6494, 73.9383, 64.4346, 38.3522, 92.2374, 94.2544, 64.2483, 91.9847, 0, 72.8772, 17.3591, 63.8312, 0, 0, 0, 81.8857, 68.5463, 0, 0]
[10.8663, 65.7108, 0, 0, 0, 0, 19.0017, 0, 0, 23.303, 94.9012, 11.4473, 81.6915, 0, 41.2202, 0, 40.7011, 41.8749, 0, 74.8299, 91.2786, 0, 0, 93.9146, 0, 71.525, 55.6594, 0, 87.0635, 0, 0, 36.9084, 69.2845, 37.7055, 84.6903, 0, 69.305, 0, 1.9093, 70.0378, 75.2463, 0, 0, 0, 0, 0, 33.3974, 98.1576, 0, 0, 8.6562, 76.6451, 0, 0, 0, 65.4297, 0, 39.0392, 41.2801, 0, 0, 0, 81.1699, 0, 0, 0, 60.455, 0, 0, 2.2125, 0, 0, 0, 90.8494, 0, 0, 16.5806, 0, 78.719, 85.6977, 48.4538, 65.4111, 19.0371, 28.0685, 20.8586, 85.8443, 52.5544, 60.7867, 50.4335, 0, 0, 0, 0, 0.7763, 8.4858, 0, 0, 63.3683, 90.3538, 0]
[20.6702, 0, 0, 85.1806, 60.4297, 63.3237, 0, 2.5975, 79.0618, 0, 59.7897, 0, 24.7682, 0, 84.8851, 43.4217, 62.9151, 2.1569, 10.3407, 0, 0, 32.4304, 0, 0, 0, 14.544, 79.2849, 87.0635, 0, 0, 0, 54.7981, 36.2813, 72.2205, 0, 0, 63.5238, 63.1753, 0, 0, 79.958, 0, 0, 0, 0, 17.5375, 42.982, 89.9236, 0, 8.1585, 0, 59.4281, 62.1352, 1.7141, 30.5285, 0, 29.0408, 0, 0, 64.812, 90.2599, 12.106, 54.9033, 0, 52.4628, 0, 0, 0, 76.8155, 1.6093, 89.2627, 75.107, 15.7209, 0.4097, 39.2009, 0, 0, 0, 0, 13.8102, 0, 7.6177, 56.8023, 1.1106, 14.872, 67.0685, 93.7333, 24.0592, 0, 0, 39.0557, 19.944, 13.0138, 25.5761, 7.1442, 3.3757, 10.9781, 0, 71.1177, 88.7491]
[0, 0, 0, 75.7701, 12.658, 0, 81.7244, 62.4285, 0, 0, 25.481, 0, 43.978, 0, 0, 0, 0, 84.1167, 0, 89.516, 84.3591, 81.0655, 69.1199, 81.8049, 0, 84.8359, 71.9986, 0, 0, 0, 0, 40.4958, 53.1557, 0, 0, 55.4679, 0, 30.3689, 34.2447, 0, 0, 73.1561, 41.3405, 0, 0, 0, 49.3485, 0, 70.3468, 30.3298, 0, 5.3726, 93.7226, 3.489, 0, 0, 67.7997, 85.2504, 0, 14.4576, 0, 91.8749, 0, 72.1023, 92.4768, 25.5037, 1.2869, 0, 0, 56.9455, 2.0236, 0, 0, 8.5513, 0, 66.5356, 65.5993, 10.403, 42.642, 17.6434, 0, 13.8267, 0, 97.0892, 53.5432, 42.2535, 0, 96.3165, 87.4501, 76.2542, 0, 0, 59.3274, 35.3651, 72.8023, 0, 0, 25.8771, 24.9225, 63.7566]
[91.2941, 0, 71.1269, 0, 49.428, 19.1089, 20.843, 0, 0, 75.2033, 71.1872, 69.5344, 0, 81.3636, 74.6988, 7.5808, 30.3121, 17.3026, 0, 58.4827, 22.0105, 76.724, 93.6977, 13.1116, 71.2337, 0, 0, 0, 0, 0, 0, 0, 76.8154, 38.8171, 70.5876, 48.2753, 88.1552, 3.6098, 12.9114, 21.6459, 0, 0, 0, 0, 0, 12.4072, 0, 0, 0, 0, 0, 99.163, 35.927, 1.1367, 32.389, 36.3248, 92.0398, 0, 0, 0, 0, 17.2959, 39.3294, 68.6717, 59.1187, 41.2315, 45.2369, 77.4602, 59.5667, 76.7694, 0, 0, 0, 27.5411, 11.3113, 65.9512, 37.9832, 41.503, 0, 0, 0, 68.2766, 95.5092, 51.3195, 0.3315, 0, 0, 0, 33.9188, 97.6899, 84.8432, 7.7848, 0, 82.7451, 67.4151, 0, 20.1914, 0, 0, 0]
[0, 84.1163, 62.909, 0, 25.2381, 0, 96.2277, 51.4801, 0, 78.3058, 0, 44.9421, 45.2884, 33.4328, 15.9103, 0, 0, 74.8195, 0, 0, 0, 0, 37.0264, 63.4836, 55.1429, 87.0654, 0, 36.9084, 54.7981, 40.4958, 0, 0, 28.0126, 0, 93.707, 78.0103, 0, 0, 36.5693, 0, 0, 65.5527, 37.8592, 0, 70.1032, 0, 0, 0, 29.2367, 82.8192, 0, 12.0976, 5.8141, 94.971, 48.5452, 0, 45.6095, 61.1754, 0, 37.936, 34.9492, 75.6105, 93.4919, 0, 42.829, 70.4984, 20.652, 0, 72.9092, 0, 0, 72.1728, 0, 0, 86.9244, 58.438, 0, 81.3508, 13.619, 17.9326, 75.9671, 75.1927, 86.9039, 42.2769, 0, 21.5766, 95.0744, 73.9983, 0, 0, 0, 1.3251, 0, 0, 0, 34.5213, 0, 0, 74.8512, 0]
[0, 0, 0, 0, 65.8154, 43.3164, 30.7713, 12.3027, 0, 17.6962, 0, 77.9772, 88.6646, 44.9085, 89.0366, 0, 23.0205, 29.2207, 0, 0, 96.2964, 16.1708, 0, 0, 0, 67.1465, 0, 69.2845, 36.2813, 53.1557, 76.8154, 28.0126, 0, 77.0448, 48.7476, 45.6427, 0, 0, 66.5935, 0, 0, 0, 32.88, 0, 20.1136, 0, 0, 0, 34.6702, 0, 0, 0, 98.8669, 70.0336, 25.6675, 0, 75.9984, 21.7379, 22.0634, 13.4144, 0, 0, 0, 0, 50.1005, 0, 0, 0, 0, 75.2884, 53.2152, 0, 46.6459, 52.0138, 0, 0, 58.0895, 0, 10.2702, 92.6533, 0, 22.8147, 50.652, 91.4474, 7.6788, 0, 0, 58.8951, 0, 0, 67.0269, 0, 40.5916, 93.9933, 4.6904, 0, 0, 57.0044, 16.8787, 0]
[88.4988, 0, 23.5658, 67.5775, 0, 0, 0, 0, 2.6146, 92.3711, 97.6606, 84.6218, 0, 96.2145, 0, 0, 0, 78.5458, 40.0765, 0, 0, 39.9043, 39.1966, 31.0176, 54.1021, 98.0477, 9.9994, 37.7055, 72.2205, 0, 38.8171, 0, 77.0448, 0, 14.6823, 15.7967, 30.3792, 0, 0, 0, 15.3605, 9.7779, 75.1478, 58.5316, 55.1657, 0, 0, 34.0217, 0, 0, 0, 0, 0, 0, 80.3864, 0, 0, 59.9016, 20.4929, 64.859, 0, 0, 39.2123, 0, 83.4331, 25.1908, 60.0975, 31.4829, 0, 56.0499, 0, 15.7121, 0, 65.4596, 0, 32.9459, 46.494, 0, 72.8359, 98.4134, 0, 0, 0, 18.861, 0, 55.6109, 0, 80.4732, 0, 37.8289, 0, 0, 91.4972, 73.6821, 0, 0, 7.6989, 46.7891, 49.7647, 4.5038]
[0, 38.6261, 0, 0, 1.6932, 84.5129, 0, 60.3922, 10.1051, 0, 0, 34.7822, 0, 21.7177, 0, 20.8959, 86.7811, 0, 20.5358, 78.0326, 0, 84.8098, 0, 54.5504, 34.9115, 74.4846, 0, 84.6903, 0, 0, 70.5876, 93.707, 48.7476, 14.6823, 0, 76.9828, 91.2295, 0, 0.6305, 84.7635, 0, 0, 0, 89.3287, 97.9777, 37.4013, 34.6578, 0, 11.9019, 0, 0, 57.4655, 0, 0, 0, 0, 0, 0, 14.3218, 79.8089, 0, 50.1077, 0, 51.7314, 82.1679, 84.6364, 0, 33.0322, 95.5354, 0, 50.6983, 96.5234, 0, 0, 0, 0, 65.1604, 0, 0, 0, 0, 0, 0, 77.7507, 84.7562, 8.2438, 0, 17.1429, 69.7852, 0, 0, 16.3568, 0, 0, 10.1479, 37.8596, 0, 0, 0, 0]
[0, 0, 82.3217, 0, 0, 0, 38.644, 0, 3.2612, 0, 72.5269, 0, 96.4156, 0, 43.3853, 55.6042, 0, 0, 2.8222, 0, 0, 67.0447, 28.1929, 88.4962, 0, 0, 0, 0, 0, 55.4679, 48.2753, 78.0103, 45.6427, 15.7967, 76.9828, 0, 0, 0, 0, 72.1374, 0, 85.8572, 15.6697, 0, 58.1747, 0, 22.8706, 0, 42.8307, 24.5922, 2.2522, 0, 0, 26.4311, 0, 41.0323, 85.9678, 0, 0, 94.5333, 0, 34.096, 98.1814, 0, 0, 0, 72.1448, 94.9959, 0, 0, 0, 46.9694, 98.0676, 0, 0, 15.1369, 50.7943, 23.056, 68.7263, 68.6829, 94.1905, 0, 0, 36.2331, 0, 36.9921, 24.4598, 50.3818, 0, 50.3612, 74.2086, 5.2379, 0, 91.9656, 41.1138, 0, 16.5197, 13.7633, 0, 0]
[73.0694, 0, 96.7808, 0, 0, 0, 45.855, 30.8112, 0, 0, 47.4152, 61.1039, 50.7842, 0, 0, 0, 1.1124, 37.8052, 0, 54.5616, 64.5135, 0, 19.6424, 67.8149, 0, 76.6788, 29.3246, 69.305, 63.5238, 0, 88.1552, 0, 0, 30.3792, 91.2295, 0, 0, 0, 0, 0, 0, 44.926, 66.9693, 51.7396, 0, 54.276, 52.4345, 5.9749, 36.6426, 91.8837, 67.0497, 17.8999, 45.6989, 44.2685, 0, 0, 0, 41.1166, 0, 81.8048, 96.4956, 82.8394, 36.9177, 0, 39.4528, 73.4598, 32.3904, 10.6194, 0, 0, 22.423, 68.5093, 58.3426, 62.6696, 32.0042, 0, 37.3872, 0.3934, 0, 90.715, 0, 89.0302, 0, 0, 0, 16.2665, 0, 0, 0, 99.7943, 0.788, 95.2127, 0, 99.1453, 16.6638, 0, 0, 0, 0, 46.2868]
[0, 11.4966, 89.8067, 0, 42.0231, 3.8352, 0, 65.4112, 0, 29.312, 48.7057, 0, 36.3105, 0, 0, 60.7619, 25.3518, 0, 0, 18.7129, 97.5509, 73.117, 99.7954, 0, 12.2807, 0, 29.9377, 0, 63.1753, 30.3689, 3.6098, 0, 0, 0, 0, 0, 0, 0, 49.0652, 0, 0, 0, 0, 0, 0, 0, 0, 16.2314, 0, 0, 8.2049, 73.0415, 58.0525, 0, 0, 87.1836, 55.3272, 0, 58.8103, 69.8548, 1.7069, 0, 36.8615, 0, 90.3695, 0, 0, 44.2655, 0, 28.3124, 83.2057, 28.3917, 0, 85.6614, 4.2174, 0.6133, 36.7571, 0, 67.3113, 1.0784, 85.8191, 0, 99.4092, 0, 13.3563, 48.7803, 0, 0, 58.6202, 0, 0, 5.1007, 76.5493, 50.8407, 41.3532, 98.69, 0, 0, 69.9732, 23.7864]
[7.7634, 22.6533, 95.4528, 0, 66.6825, 80.0816, 0, 7.4783, 16.6691, 88.7279, 21.7555, 0, 82.3145, 0.7456, 57.7404, 0, 0, 0, 30.763, 2.8171, 41.9012, 0, 0, 0, 0, 0, 82.4372, 1.9093, 0, 34.2447, 12.9114, 36.5693, 66.5935, 0, 0.6305, 0, 0, 49.0652, 0, 42.0027, 78.9489, 72.2314, 15.2898, 6.8857, 93.3589, 0, 0, 39.8292, 0, 10.9004, 0, 0, 0, 83.1612, 18.5944, 0, 0, 57.7591, 0, 0, 0, 0, 0, 11.187, 23.9029, 8.8717, 35.1425, 0, 81.5293, 54.1025, 0, 0, 0, 88.1087, 0, 52.3454, 0, 60.9944, 12.1532, 0, 0, 64.9253, 0, 0, 99.6723, 52.3082, 0, 78.4997, 70.4571, 0, 35.4859, 0, 0, 0, 14.7901, 0, 0, 0, 0, 74.6749]
[0, 0, 0, 0, 24.044, 30.385, 0, 12.4746, 0, 71.765, 12.8215, 6.8473, 97.6823, 64.7134, 78.5784, 0, 0, 0, 22.3412, 0, 0, 0, 0, 0, 0.6569, 0, 13.932, 70.0378, 0, 0, 21.6459, 0, 0, 0, 84.7635, 72.1374, 0, 0, 42.0027, 0, 0, 9.7534, 0, 57.7004, 56.9197, 0, 89.7803, 6.9965, 68.6499, 99.1184, 0, 81.4269, 42.7429, 39.5963, 17.714, 15.0091, 0, 0, 0, 14.3915, 52.9268, 75.3069, 12.2431, 13.4351, 0, 0, 48.5052, 68.9901, 31.3045, 0, 0, 42.6593, 59.8957, 0, 0, 0.1229, 71.7854, 0, 0, 56.4807, 48.7931, 0, 42.2679, 12.5863, 0, 0, 66.6088, 0, 0, 0, 71.5585, 0, 72.4198, 53.9832, 29.2943, 0, 24.8435, 0, 92.3542, 18.3272]
[91.9337, 23.6086, 0, 81.7811, 90.3296, 0, 0, 54.1985, 0, 59.5745, 0, 55.4634, 0, 27.102, 43.2387, 92.1445, 0, 0, 89.6165, 7.5029, 0, 22.7062, 0, 0, 0, 0, 79.2111, 75.2463, 79.958, 0, 0, 0, 0, 15.3605, 0, 0, 0, 0, 78.9489, 0, 0, 0, 25.1797, 43.2935, 70.5903, 3.5601, 0, 65.2736, 52.9363, 11.9086, 32.6273, 55.1776, 0, 0, 15.6435, 79.0498, 0, 0, 0, 94.6904, 94.8929, 86.254, 56.0957, 5.4294, 85.7151, 75.4299, 73.3262, 0, 28.3768, 84.0918, 65.8291, 89.8383, 0, 39.6715, 0, 0, 27.808, 85.7984, 0, 81.949, 81.8209, 0, 2.7716, 0, 66.9371, 0, 0, 0, 0, 0, 81.9866, 0, 0, 0, 0, 0, 0.7467, 58.905, 0, 19.6879]
[97.4227, 49.3715, 74.2613, 4.7865, 36.0654, 0.3945, 27.3153, 90.2123, 94.6326, 0, 32.7918, 43.8751, 57.2512, 0, 62.2907, 0, 0, 94.5082, 39.7913, 0, 0, 0, 43.9286, 38.0531, 45.6367, 91.6989, 5.0878, 0, 0, 73.1561, 0, 65.5527, 0, 9.7779, 0, 85.8572, 44.926, 0, 72.2314, 9.7534, 0, 0, 0, 42.4066, 0, 0, 0, 0, 34.5148, 0, 0, 27.7699, 0, 36.1051, 74.9667, 63.4416, 0, 0, 92.1913, 0, 42.7896, 55.6513, 0, 0, 0, 46.0683, 0, 13.6444, 68.4285, 0, 17.5867, 0, 0, 0, 77.5755, 0, 0, 0, 57.4153, 25.9326, 0, 81.6056, 90.0555, 19.8461, 79.1792, 0, 0, 0, 55.792, 0, 33.8912, 41.8894, 0, 0, 0, 0, 0, 0, 43.5147, 59.0521]
[26.6251, 84.0178, 0, 4.9271, 0, 10.3919, 46.0588, 0, 94.2452, 2.6136, 0, 0, 0, 53.7286, 25.0165, 0, 10.8182, 9.7858, 28.0894, 82.469, 48.4149, 0, 0, 0, 45.0631, 0, 79.8455, 0, 0, 41.3405, 0, 37.8592, 32.88, 75.1478, 0, 15.6697, 66.9693, 0, 15.2898, 0, 25.1797, 0, 0, 0, 0, 0, 74.5747, 4.7999, 81.9026, 0, 0, 75.0122, 0, 0, 25.2914, 42.469, 0, 4.6151, 0, 20.824, 0, 0, 0, 93.0362, 0, 25.5895, 17.0613, 0, 97.0688, 72.1672, 0, 9.8033, 89.172, 0, 0, 62.3253, 0, 86.4821, 74.4517, 87.5749, 33.0847, 51.5386, 0, 9.1822, 19.0491, 92.1086, 0, 0, 45.6122, 64.5835, 45.6585, 29.102, 0, 0, 0, 38.4662, 0, 69.81, 9.8541, 36.9863]
[0, 86.6106, 0.0299, 0, 80.6297, 0, 0.8721, 0, 21.4783, 0, 79.0579, 72.6527, 0, 93.8643, 0, 20.4744, 0, 0, 24.4705, 0, 0, 97.6983, 10.9101, 28.9673, 46.9932, 0, 29.9979, 0, 0, 0, 0, 0, 0, 58.5316, 89.3287, 0, 51.7396, 0, 6.8857, 57.7004, 43.2935, 42.4066, 0, 0, 0, 99.3684, 0, 0, 0, 0, 14.1541, 0, 40.2264, 45.8976, 0, 0, 0, 0, 0, 58.4862, 28.2617, 97.3149, 23.1018, 0, 40.9589, 13.8672, 72.2133, 47.6412, 0, 0, 32.7913, 0, 0, 76.0349, 0, 0, 0, 0, 0, 43.5096, 0, 17.089, 30.7653, 0, 0, 0, 0, 15.2457, 43.6356, 0, 64.7813, 0, 0, 42.3066, 53.0654, 48.3708, 96.2798, 0, 22.6572, 77.5293]
[0, 7.2585, 0, 0, 0, 0, 0, 0, 0, 39.3724, 81.2796, 0.0522, 0, 36.8562, 42.3845, 0, 0, 57.1398, 11.748, 72.1379, 0, 61.1749, 0, 37.1949, 87.8034, 30.6045, 41.6815, 0, 0, 0, 0, 70.1032, 20.1136, 55.1657, 97.9777, 58.1747, 0, 0, 93.3589, 56.9197, 70.5903, 0, 0, 0, 0, 0, 0, 59.2128, 63.8802, 32.1386, 30.3764, 51.895, 3.2393, 0, 9.1855, 91.6245, 41.1216, 0, 34.162, 72.8253, 0, 68.0319, 0, 0, 0, 44.5658, 90.4417, 0, 98.3527, 26.7586, 93.6951, 44.2426, 0, 77.7091, 35.6168, 0, 96.8267, 28.8043, 0, 73.4596, 14.3466, 0, 0, 45.9001, 60.9976, 4.0097, 47.4181, 52.8497, 0, 12.9595, 99.1388, 47.2073, 0, 39.9433, 0, 0, 0, 0, 15.0787, 56.5713]
[0, 64.6512, 78.6373, 30.6456, 1.2761, 96.072, 52.6062, 0, 0, 55.9092, 0, 0, 0, 68.675, 17.0579, 0, 32.0674, 16.428, 39.669, 12.9434, 98.2801, 0, 62.3879, 0, 64.4108, 23.3001, 0, 0, 17.5375, 0, 12.4072, 0, 0, 0, 37.4013, 0, 54.276, 0, 0, 0, 3.5601, 0, 0, 99.3684, 0, 0, 0.0019, 0, 92.257, 0, 89.949, 31.4328, 51.6563, 29.8137, 4.5161, 28.517, 83.4299, 72.6626, 86.4897, 0, 18.9298, 10.2182, 95.5488, 0, 0, 0, 0, 0, 78.0152, 77.8532, 98.3519, 0, 0, 0, 0, 97.2333, 0, 88.2774, 49.9468, 0, 95.4407, 74.168, 55.1047, 99.3625, 46.1184, 11.6819, 91.5501, 32.2527, 69.9488, 19.4087, 0, 66.4518, 0, 20.2889, 98.0652, 0, 54.313, 0, 0, 0]
[99.4522, 0, 17.4492, 0, 0, 71.2498, 95.8332, 0, 0, 44.2062, 0, 1.5296, 0.8648, 71.562, 72.1075, 0, 0, 0, 21.085, 0, 17.817, 0, 29.7203, 33.7648, 0, 93.8157, 2.288, 33.3974, 42.982, 49.3485, 0, 0, 0, 0, 34.6578, 22.8706, 52.4345, 0, 0, 89.7803, 0, 0, 74.5747, 0, 0, 0.0019, 0, 0, 0, 0, 95.737, 0, 0, 92.2062, 56.1632, 59.9535, 94.6771, 10.9268, 0, 0, 50.5138, 33.4597, 0, 43.6094, 37.017, 74.3033, 0, 19.7702, 0, 46.0725, 16.8498, 0, 88.395, 37.3807, 99.8928, 75.0509, 43.0059, 79.5999, 0, 98.3924, 27.0137, 32.5002, 0, 8.2877, 42.5987, 0, 38.8724, 0, 11.4008, 13.1581, 0, 27.2196, 0, 27.2914, 0, 37.4566, 11.6175, 7.3226, 0, 27.9255]
[0, 50.8907, 0, 0, 0, 0, 32.1984, 0, 0, 51.1801, 0, 48.9778, 11.63, 84.2476, 82.1854, 63.9386, 26.33, 2.2596, 0, 0, 0, 0, 8.7045, 0, 89.5308, 82.0356, 49.5994, 98.1576, 89.9236, 0, 0, 0, 0, 34.0217, 0, 0, 5.9749, 16.2314, 39.8292, 6.9965, 65.2736, 0, 4.7999, 0, 59.2128, 0, 0, 0, 90.914, 0, 61.1483, 64.1177, 29.1389, 0, 0, 75.3218, 67.4284, 0, 3.7911, 85.0703, 47.6109, 0, 0, 68.8369, 0, 42.9782, 0, 49.4161, 0, 56.6818, 87.476, 62.5322, 56.0059, 0, 16.7199, 83.0342, 0, 31.1077, 0, 50.2699, 0, 0, 43.0635, 96.7602, 0, 0, 4.5668, 5.7879, 0, 0, 0, 32.4624, 2.197, 76.2803, 92.8095, 62.4267, 37.8771, 72.3041, 94.9774, 30.8413]
[77.7747, 52.0571, 0, 12.8523, 0, 99.8884, 0, 0, 13.9834, 13.2389, 0, 0, 0, 55.5624, 0, 0, 71.0722, 0, 0, 22.6305, 0, 65.534, 0, 77.3331, 0, 32.506, 70.4211, 0, 0, 70.3468, 0, 29.2367, 34.6702, 0, 11.9019, 42.8307, 36.6426, 0, 0, 68.6499, 52.9363, 34.5148, 81.9026, 0, 63.8802, 92.257, 0, 90.914, 0, 0, 0, 0, 23.4772, 77.9485, 87.9006, 0, 70.9443, 74.9642, 31.9569, 0, 0, 0, 0, 2.6026, 99.7984, 10.5966, 79.5072, 0, 0, 81.3034, 58.0205, 2.8124, 98.5214, 0, 0, 71.1635, 47.7314, 0, 16.5367, 96.813, 89.919, 80.6153, 29.4058, 83.0695, 64.0099, 0, 45.6711, 81.4799, 0, 63.0896, 91.941, 0, 76.7246, 7.4494, 0, 56.105, 0, 0, 17.3185, 0]
[0, 21.4261, 0, 93.2247, 48.3996, 53.3924, 67.3877, 0, 78.1995, 73.5716, 0, 84.3352, 77.7797, 0, 65.3525, 55.1641, 35.5947, 58.1802, 78.5756, 0, 38.6241, 0, 0, 46.5204, 48.6547, 65.5403, 92.442, 0, 8.1585, 30.3298, 0, 82.8192, 0, 0, 0, 24.5922, 91.8837, 0, 10.9004, 99.1184, 11.9086, 0, 0, 0, 32.1386, 0, 0, 0, 0, 0, 87.9872, 24.4477, 0, 14.6416, 65.7602, 72.0379, 74.9332, 54.2476, 0, 0, 0, 52.537, 39.8043, 0, 68.0261, 11.0947, 0, 0, 96.859, 0, 71.1923, 61.4721, 0, 0, 0, 84.9231, 64.3578, 21.3733, 32.8025, 85.3011, 0, 0, 0, 7.9223, 23.4997, 9.7157, 4.4438, 0, 94.0035, 32.8344, 0, 95.8504, 0, 0, 70.9189, 79.9519, 0, 13.8353, 95.3435, 0]
[0, 81.3855, 0, 0, 86.8571, 0, 0, 51.3685, 0, 75.4812, 46.0571, 93.7865, 96.2942, 0, 0, 90.7634, 0, 0, 30.3467, 0, 22.3997, 0, 70.5098, 82.8838, 1.2849, 0, 61.6741, 8.6562, 0, 0, 0, 0, 0, 0, 0, 2.2522, 67.0497, 8.2049, 0, 0, 32.6273, 0, 0, 14.1541, 30.3764, 89.949, 95.737, 61.1483, 0, 87.9872, 0, 0, 95.8975, 96.1799, 0, 0, 0, 91.8779, 0, 2.9629, 0, 86.2508, 57.8236, 0, 5.6485, 42.9952, 0, 0, 35.0746, 0, 0, 79.5057, 6.2278, 32.5009, 0, 0, 61.5978, 67.979, 97.7939, 0, 30.2373, 96.4489, 0, 73.7247, 52.5448, 0, 0, 0, 0, 0, 79.3211, 63.3476, 0, 0, 50.6157, 75.2181, 0, 0, 35.9123, 25.5281]
[63.5773, 19.0935, 0, 0, 0, 0, 51.6431, 0, 92.7433, 48.3778, 51.6759, 54.5898, 0, 0, 97.8175, 0, 59.6927, 0, 77.426, 0, 0, 71.0031, 41.0774, 0, 17.3698, 0, 0, 76.6451, 59.4281, 5.3726, 99.163, 12.0976, 0, 0, 57.4655, 0, 17.8999, 73.0415, 0, 81.4269, 55.1776, 27.7699, 75.0122, 0, 51.895, 31.4328, 0, 64.1177, 0, 24.4477, 0, 0, 0, 13.2911, 82.1183, 0, 0, 0.9579, 0, 0, 0, 27.0978, 0, 0, 0, 0, 0, 14.8215, 0, 0, 0, 0, 0, 0, 0, 0, 0, 0, 31.1085, 65.3691, 0, 91.2305, 22.2748, 79.3272, 0, 0, 0.3449, 85.375, 76.4606, 0, 0, 0, 0, 16.7507, 96.3283, 41.2309, 58.7558, 0, 0, 0]
[0, 0, 37.8846, 52.428, 0, 0, 38.8939, 86.2918, 0, 0, 0, 66.0052, 38.805, 0, 0, 50.6246, 0, 89.7974, 42.3745, 15.0908, 14.2385, 0, 10.7944, 0, 0, 49.7272, 0, 0, 62.1352, 93.7226, 35.927, 5.8141, 98.8669, 0, 0, 0, 45.6989, 58.0525, 0, 42.7429, 0, 0, 0, 40.2264, 3.2393, 51.6563, 0, 29.1389, 23.4772, 0, 95.8975, 0, 0, 0.6296, 81.4718, 0, 0, 9.4618, 51.3019, 14.9537, 69.0939, 0, 0, 0, 29.7635, 94.6791, 0, 0, 0, 1.2023, 84.416, 0, 28.7321, 16.3059, 0, 0, 27.193, 51.409, 19.3292, 0, 4.161, 0, 0, 0, 0, 3.9305, 0, 0, 0.1713, 70.8584, 0, 62.7403, 22.1221, 44.0357, 0, 12.3849, 0.1281, 89.7681, 50.4235, 0]
[0, 2.9028, 67.4479, 0, 46.4964, 45.7134, 52.1128, 0, 0, 14.8471, 28.7405, 40.9608, 0, 18.4083, 0, 39.4065, 70.7483, 39.2505, 0, 0, 29.0396, 0, 0, 0, 0, 13.1932, 0, 0, 1.7141, 3.489, 1.1367, 94.971, 70.0336, 0, 0, 26.4311, 44.2685, 0, 83.1612, 39.5963, 0, 36.1051, 0, 45.8976, 0, 29.8137, 92.2062, 0, 77.9485, 14.6416, 96.1799, 13.2911, 0.6296, 0, 49.6009, 29.3825, 0, 0, 77.6137, 65.6824, 0, 0, 69.7708, 50.4314, 28.2721, 68.944, 0, 0, 79.8464, 40.4634, 99.3771, 0, 45.7075, 72.1892, 82.5043, 3.9725, 36.4694, 0.3082, 0, 0, 0, 0, 11.0214, 0, 0, 0, 86.3034, 0, 0, 0, 21.6859, 0, 0, 0, 80.8612, 91.4862, 0.5106, 0, 0, 0]
[0, 15.4878, 5.5209, 11.3993, 0, 14.4741, 77.7018, 0, 62.7189, 91.8195, 51.3908, 49.0501, 0, 0, 0, 0, 20.6863, 18.6474, 68.6948, 18.0149, 44.3761, 0, 24.6081, 0, 0, 88.1623, 0, 0, 30.5285, 0, 32.389, 48.5452, 25.6675, 80.3864, 0, 0, 0, 0, 18.5944, 17.714, 15.6435, 74.9667, 25.2914, 0, 9.1855, 4.5161, 56.1632, 0, 87.9006, 65.7602, 0, 82.1183, 81.4718, 49.6009, 0, 0, 66.6628, 0, 82.6534, 29.3407, 5.2344, 0, 45.6933, 22.6694, 16.4706, 36.5871, 79.3657, 0, 0, 74.6109, 50.7492, 53.1608, 0, 5.2479, 95.5199, 0, 92.1581, 21.3084, 82.1376, 81.1473, 0, 19.4955, 0, 0, 80.8028, 0, 14.3784, 46.3896, 74.8211, 76.4031, 5.2872, 4.8007, 0, 0, 92.2337, 0, 0, 55.1275, 24.2436, 0]
[0, 66.2391, 55.8935, 0, 99.7068, 27.3156, 10.8856, 0, 64.7625, 35.3911, 0, 54.2403, 0, 0, 41.0566, 0, 20.4785, 61.3533, 95.7045, 0, 21.162, 0, 4.0726, 4.0184, 0, 0, 46.245, 65.4297, 0, 0, 36.3248, 0, 0, 0, 0, 41.0323, 0, 87.1836, 0, 15.0091, 79.0498, 63.4416, 42.469, 0, 91.6245, 28.517, 59.9535, 75.3218, 0, 72.0379, 0, 0, 0, 29.3825, 0, 0, 0, 0, 0, 48.5562, 0, 0, 38.0997, 9.3679, 43.4323, 12.8034, 70.5385, 91.2258, 43.2401, 62.4365, 0, 79.2724, 13.0423, 53.8956, 0, 0, 58.4877, 0, 0, 31.4168, 0, 0, 57.0382, 40.6677, 58.2136, 77.9657, 0, 69.2633, 0, 29.4358, 69.1086, 0, 0, 0, 81.4124, 0, 0, 0, 33.8704, 31.4495]
[0, 0, 0, 83.5807, 0, 41.1836, 87.1775, 0, 26.1605, 0, 0, 0, 20.7648, 23.0513, 75.4047, 8.6674, 0, 0, 0, 3.0716, 88.756, 84.6846, 21.6386, 0, 0, 6.5485, 88.0025, 0, 29.0408, 67.7997, 92.0398, 45.6095, 75.9984, 0, 0, 85.9678, 0, 55.3272, 0, 0, 0, 0, 0, 0, 41.1216, 83.4299, 94.6771, 67.4284, 70.9443, 74.9332, 0, 0, 0, 0, 66.6628, 0, 0, 0, 88.7104, 70.0516, 42.8235, 89.0558, 60.477, 93.4055, 16.178, 51.2552, 62.0431, 97.1231, 26.9137, 3.5678, 0, 0, 28.9262, 90.8346, 56.4448, 79.4294, 0, 0, 0, 45.6734, 54.7031, 69.6473, 30.4548, 22.6188, 0, 42.2758, 86.707, 0, 58.27, 13.0564, 38.4473, 5.1004, 7.2813, 0, 0, 0, 0, 0, 0, 0]
[47.6897, 0, 89.9784, 34.5732, 0, 38.6994, 0, 15.959, 4.8611, 0, 55.7343, 0, 0, 0, 50.4539, 14.5711, 20.6552, 76.4989, 0, 0, 42.1105, 86.2571, 27.7414, 0, 30.0411, 0, 0, 39.0392, 0, 85.2504, 0, 61.1754, 21.7379, 59.9016, 0, 0, 41.1166, 0, 57.7591, 0, 0, 0, 4.6151, 0, 0, 72.6626, 10.9268, 0, 74.9642, 54.2476, 91.8779, 0.9579, 9.4618, 0, 0, 0, 0, 0, 0, 49.819, 0, 18.1663, 48.5038, 0, 98.1501, 0, 33.4276, 0, 31.8538, 0, 93.1222, 0, 0, 16.5024, 0, 0, 0, 42.845, 68.4587, 0, 0, 0, 10.4476, 96.4233, 0, 96.2954, 34.6507, 0, 0, 17.6884, 0, 62.5898, 0, 0, 41.1522, 34.8572, 0, 85.2217, 0, 0]
[96.6641, 22.0471, 0, 57.4901, 6.0387, 81.9503, 0, 11.465, 61.2164, 0, 44.9791, 65.5262, 2.065, 79.7492, 94.201, 0, 7.0833, 98.3581, 0, 33.9657, 0, 0, 0, 0, 0, 90.7383, 49.7587, 41.2801, 0, 0, 0, 0, 22.0634, 20.4929, 14.3218, 0, 0, 58.8103, 0, 0, 0, 92.1913, 0, 0, 34.162, 86.4897, 0, 3.7911, 31.9569, 0, 0, 0, 51.3019, 77.6137, 82.6534, 0, 88.7104, 0, 0, 0, 0, 5.6646, 18.5426, 86.0875, 3.9339, 9.1427, 97.3339, 0, 0, 6.237, 0, 0, 44.8508, 0, 31.4542, 64.4862, 20.2327, 0, 0, 59.4331, 92.4287, 38.4479, 0, 0, 0, 57.7074, 0, 0, 0, 15.8906, 1.7863, 60.164, 52.0066, 63.664, 0, 0, 0, 0, 0, 0]
[92.0458, 71.4786, 85.1107, 19.192, 35.2428, 27.4731, 0, 98.4974, 0, 33.4565, 0, 80.2226, 0, 72.9998, 0, 78.3144, 0, 70.1319, 0, 34.6858, 2.4814, 15.7913, 79.1803, 0, 0, 80.2023, 69.2834, 0, 64.812, 14.4576, 0, 37.936, 13.4144, 64.859, 79.8089, 94.5333, 81.8048, 69.8548, 0, 14.3915, 94.6904, 0, 20.824, 58.4862, 72.8253, 0, 0, 85.0703, 0, 0, 2.9629, 0, 14.9537, 65.6824, 29.3407, 48.5562, 70.0516, 49.819, 0, 0, 0, 48.292, 39.037, 0, 0, 1.9168, 88.6992, 23.5897, 0, 10.3321, 0, 60.207, 0, 70.815, 0, 0, 85.5071, 65.1691, 0, 0, 0, 65.1381, 78.6173, 0, 73.1022, 57.4762, 0, 0, 0, 0, 0, 47.52, 25.2151, 34.5143, 79.2153, 0, 0, 75.4329, 34.6687, 4.5033]
[33.2089, 0, 50.6207, 92.1235, 0, 0, 0, 94.682, 10.819, 65.8354, 0, 0, 0, 20.6929, 0, 10.4988, 0, 98.8211, 0, 0, 0, 83.2885, 0, 65.5124, 43.9688, 76.17, 3.0936, 0, 90.2599, 0, 0, 34.9492, 0, 0, 0, 0, 96.4956, 1.7069, 0, 52.9268, 94.8929, 42.7896, 0, 28.2617, 0, 18.9298, 50.5138, 47.6109, 0, 0, 0, 0, 69.0939, 0, 5.2344, 0, 42.8235, 0, 0, 0, 0, 0, 84.0328, 0, 70.5312, 51.9826, 0, 0, 55.3939, 0, 0, 77.1305, 65.5006, 64.3319, 57.052, 0, 84.469, 14.0066, 22.063, 0, 86.555, 44.7605, 53.5102, 0, 0, 7.4364, 0, 0, 29.5489, 0, 7.2154, 0, 0, 31.8097, 41.757, 2.9714, 24.6236, 80.9731, 44.1698, 74.9773]
[0, 82.1496, 67.0147, 19.957, 10.5108, 0, 0, 15.8953, 60.1659, 87.5255, 0, 0, 5.4476, 0, 39.776, 27.5819, 0, 0, 96.1219, 59.1236, 1.1643, 0, 28.9485, 27.1027, 0, 68.7658, 6.1229, 0, 12.106, 91.8749, 17.2959, 75.6105, 0, 0, 50.1077, 34.096, 82.8394, 0, 0, 75.3069, 86.254, 55.6513, 0, 97.3149, 68.0319, 10.2182, 33.4597, 0, 0, 52.537, 86.2508, 27.0978, 0, 0, 0, 0, 89.0558, 18.1663, 5.6646, 48.292, 0, 0, 34.1062, 92.3664, 0, 0, 0, 43.0245, 0, 0, 0, 62.7078, 92.2787, 0, 71.118, 54.218, 61.028, 25.9456, 62.2612, 64.8346, 0, 0, 76.3955, 16.2946, 0, 0, 0, 0, 0, 0, 0, 22.6308, 0, 0, 34.9746, 83.8143, 17.5146, 96.9077, 0, 57.0318]
[0, 73.06, 98.9942, 0, 0, 0, 71.1166, 0, 29.9115, 20.0483, 0, 17.4732, 18.133, 91.7375, 0, 83.3555, 0, 57.4225, 14.0581, 67.5743, 20.0792, 43.6958, 0, 96.0144, 15.2079, 65.5522, 93.018, 81.1699, 54.9033, 0, 39.3294, 93.4919, 0, 39.2123, 0, 98.1814, 36.9177, 36.8615, 0, 12.2431, 56.0957, 0, 0, 23.1018, 0, 95.5488, 0, 0, 0, 39.8043, 57.8236, 0, 0, 69.7708, 45.6933, 38.0997, 60.477, 48.5038, 18.5426, 39.037, 84.0328, 34.1062, 0, 28.1862, 0, 42.1983, 0, 30.8942, 54.7235, 0, 0, 54.1713, 0, 21.977, 0, 65.7373, 0, 28.6508, 12.7568, 0, 0, 61.8285, 0, 7.2219, 0, 80.336, 0, 0, 46.2098, 0, 63.5043, 93.8395, 18.8331, 0, 78.6139, 54.9151, 0.7997, 0, 0, 0]
[0, 0, 18.7143, 2.1533, 55.9622, 0, 97.3137, 92.8031, 0, 0, 0, 99.7931, 19.7509, 62.756, 80.7114, 0, 83.7222, 47.0192, 32.9066, 88.8415, 64.749, 31.4739, 0, 0, 0, 61.1754, 0, 0, 0, 72.1023, 68.6717, 0, 0, 0, 51.7314, 0, 0, 0, 11.187, 13.4351, 5.4294, 0, 93.0362, 0, 0, 0, 43.6094, 68.8369, 2.6026, 0, 0, 0, 0, 50.4314, 22.6694, 9.3679, 93.4055, 0, 86.0875, 0, 0, 92.3664, 28.1862, 0, 0, 44.2687, 15.6892, 24.5733, 0, 5.8382, 10.7323, 77.737, 4.0685, 0, 93.4393, 0, 40.3983, 0, 14.6844, 0, 38.803, 65.465, 78.3139, 58.7745, 0, 3.4125, 5.334, 0, 57.8887, 37.7942, 0, 36.719, 0, 0, 97.6338, 93.5884, 79.7, 68.311, 0, 91.0551]
