[0, 0, 22.9085, 0, 0, 6.2684, 0, 0, 0, 57.2741, 0, 59.9074, 0, 0, 0, 69.1989, 0, 0, 0.3066, 88.0736, 63.219, 9.7901, 0, 60.0199, 19.5258, 77.8692, 0, 51.7328, 0, 9.1356, 0, 0, 0, 30.0515, 28.397, 0, 88.2945, 67.5654, 15.7506, 0, 16.5565, 44.028, 14.7827, 76.3234, 50.2548, 80.8629, 0, 98.1887, 28.173, 16.5171, 18.8772, 0, 58.5737, 0, 45.3911, 0, 18.0906, 0, 0, 0, 80.9336, 72.7119, 0, 0, 0, 0, 78.9987, 75.4272, 0, 98.2622, 0, 73.1633, 7.5479, 12.7738, 0, 1.5813, 61.6469, 0, 39.7202, 0, 56.0421, 20.1217, 60.2025, 67.9877, 0, 25.978, 87.1088, 0, 0, 76.0734, 0, 0, 64.0471, 0, 0, 0, 0, 44.8391, 73.6983, 55.2355, 0, 0, 40.2844, 50.08, 90.5424, 38.7236, 22.6011, 0, 18.0063, 5.1345, 0, 0, 2.7157, 65.6736, 87.1046, 0, 14.4874, 0, 8.1046, 90.8333, 0, 0, 0, 16.1589, 85.799]
[0, 0, 29.5541, 10.0336, 0, 86.5214, 65.8103, 0, 37.8773, 52.1845, 20.0851, 49.9684, 7.1199, 0, 0, 86.7021, 11.809, 97.07, 47.6831, 49.789, 0, 82.1454, 0, 18.0049, 84.329, 51.0808, 0, 0, 20.032, 0, 0, 0, 4.6838, 82.9504, 0, 93.88, 0, 0, 0, 0, 3.707, 0, 46.3277, 0, 0, 86.0099, 55.8242, 49.5241, 46.3233, 0, 0, 11.6652, 0, 43.1795, 77.552, 0, 59.5362, 0, 0, 48.4386, 80.8853, 0, 99.3392, 51.9803, 0, 0, 0, 10.5241, 48.2326, 53.3435, 0, 0, 5.084, 0, 0, 61.542, 0, 73.0731, 36.0274, 0, 51.5234, 0, 0, 14.0636, 51.1926, 68.0049, 13.7952, 33.2839, 23.0694, 50.6379, 0, 6.1834, 61.0026, 0, 50.8665, 75.1259, 0, 0, 73.1928, 10.1077, 0, 25.3538, 36.84, 0, 9.8279, 55.1173, 23.0107, 0, 0, 31.6306, 0, 87.7939, 46.5321, 0, 46.3065, 82.6329, 0, 0, 0, 0, 31.5871, 0, 0, 19.2107, 0]
[22.9085, 29.5541, 0, 98.074, 40.126, 28.2899, 21.6508, 68.0676, 0, 43.6035, 47.643, 0, 66.2968, 26.3961, 84.647, 0, 0, 54.4535, 0, 62.4428, 19.736, 0, 85.6023, 0, 0, 0, 0, 74.5096, 0, 61.3364, 2.4524, 0, 0, 45.3279, 46.1946, 0, 0, 21.6511, 18.8922, 90.6813, 0, 0, 0, 46.2138, 74.3094, 72.6721, 67.9849, 37.7892, 77.8072, 47.9511, 0, 0, 47.5885, 47.5193, 55.4833, 0, 0, 0, 45.0817, 71.5033, 48.8068, 85.5963, 46.8806, 16.5453, 0, 76.3483, 61.3612, 22.3234, 23.5718, 44.4075, 0, 75.9633, 0, 0, 0, 86.2005, 37.1453, 57.7726, 0, 0, 0, 11.6257, 0, 31.8093, 36.671, 2.9382, 71.8327, 54.5178, 72.1807, 0, 48.8815, 0, 37.2006, 14.4017, 0, 0, 0, 55.9765, 0, 13.4113, 68.0481, 0, 0, 55.6269, 35.1771, 0, 39.1205, 0, 0, 0, 31.4016, 7.7642, 0, 3.8518, 8.1478, 0, 86.0952, 0, 0, 0, 98.3817, 62.2178, 63.6994, 66.8369, 0]
[0, 10.0336, 98.074, 0, 33.7591, 0, 97.3702, 0, 20.4137, 31.6976, 30.9143, 79.1424, 0, 64.7498, 0, 0, 0, 81.8481, 0, 77.7856, 19.754, 61.4669, 16.1448, 0, 63.6128, 91.1465, 8.8197, 33.9066, 18.5794, 14.0598, 0, 5.4149, 0, 48.1467, 0.604, 0, 0, 0, 77.9466, 0, 97.1621, 75.4722, 28.4966, 0, 31.0383, 39.5347, 0, 0, 0, 27.7852, 97.8411, 0, 0, 95.8091, 0, 3.0209, 48.3354, 0, 42.8534, 90.7217, 27.9826, 0, 15.187, 0, 24.3314, 0, 0, 0, 91.4988, 59.149, 98.474, 4.1286, 0, 0, 0, 0, 65.1198, 92.3735, 49.3133, 89.3325, 0, 0, 21.4266, 0, 0, 73.8725, 11.3135, 0, 34.4159, 36.2817, 1.6346, 87.2084, 0, 0, 0, 53.3874, 44.5408, 83.8174, 20.8017, 0, 0, 94.9372, 0, 0, 47.8396, 0, 62.6337, 2.3351, 42.7827, 12.5682, 10.626, 0, 15.9682, 0, 0, 0, 25.5726, 34.5997, 5.5459, 0, 0, 0, 0, 33.0805, 18.8928]
[0, 0, 40.126, 33.7591, 0, 0, 0, 92.3409, 85.7394, 0, 0, 2.6044, 45.2261, 0, 55.1094, 0, 48.7079, 0, 0, 60.8005, 0, 75.1149, 22.2969, 87.7633, 60.75, 13.8085, 0, 16.8699, 0, 0, 18.9635, 0, 0.914, 0, 79.9499, 88.673, 0, 26.2135, 0, 0, 17.7609, 0, 7.9457, 92.1985, 0, 76.9154, 0, 89.3752, 0, 0, 63.8311, 0, 56.3303, 89.0123, 15.1087, 0, 30.6596, 83.7389, 96.2869, 67.5092, 0, 79.8771, 41.0127, 0, 52.7656, 15.4724, 0, 34.9043, 0, 68.9676, 0, 0, 27.0589, 0, 97.8092, 21.3554, 78.8364, 0, 4.6322, 46.8832, 38.2267, 0, 0, 89.8493, 12.0805, 71.5629, 0, 8.7855, 0, 0, 73.6132, 0, 0, 0, 36.8913, 3.0189, 0, 88.7299, 0, 0, 95.1453, 0, 0, 0, 0, 0, 57.8987, 0, 97.9537, 68.7696, 0, 0, 29.002, 56.2716, 55.4866, 0, 12.0897, 20.8805, 28.6229, 5.7046, 0, 9.1565, 0, 30.9727, 26.8585]
[6.2684, 86.5214, 28.2899, 0, 0, 0, 21.6533, 0, 0, 0, 0, 60.6344, 49.5785, 0, 3.7887, 0, 57.1861, 9.5003, 0, 48.8029, 0, 0, 29.2074, 0, 0, 0, 0.7991, 0, 0, 73.2776, 27.6231, 0, 0, 80.3996, 0, 0, 67.9016, 0, 0, 86.3767, 28.4345, 27.4146, 0, 56.3089, 0, 99.55, 35.965, 75.1786, 0, 31.1798, 37.9525, 10.8162, 29.8782, 0, 63.7364, 19.5794, 0, 71.6971, 0, 74.1515, 88.2415, 34.7683, 23.6581, 0, 14.2997, 0, 3.6291, 0, 37.3663, 29.3539, 0, 51.2682, 0, 54.8893, 34.5704, 19.4083, 0, 0, 58.2627, 0, 0, 44.3839, 0, 0, 92.1935, 0, 67.62, 0, 95.603, 24.6917, 0, 80.5897, 0, 92.009, 0, 40.0015, 0, 58.6493, 0, 0, 27.5493, 0, 43.4514, 36.2943, 0, 0, 74.1098, 7.7374, 0, 0, 66.928, 71.4304, 62.7284, 0, 0, 30.612, 60.8492, 0, 0, 55.44, 0, 72.5132, 0, 0, 73.7695]
[0, 65.8103, 21.6508, 97.3702, 0, 21.6533, 0, 0, 78.9173, 54.341, 0, 0, 0, 7.4184, 0, 49.4516, 91.5574, 96.0134, 0, 70.4105, 0, 88.4999, 0, 0, 0, 59.0254, 96.7954, 0, 0, 0, 0, 9.4711, 0, 0, 31.1855, 0, 0, 47.4646, 0, 44.5299, 0, 93.9167, 0, 40.2706, 0, 26.1404, 10.2064, 0, 3.9925, 35.3447, 0, 54.6634, 0, 0, 32.6484, 71.3346, 0, 28.2661, 0, 0, 73.4276, 93.196, 75.7502, 98.5793, 0.1022, 24.2528, 0, 0, 0, 0, 0, 0, 0, 64.8359, 0, 0, 0, 0, 0, 0, 30.9403, 39.9664, 29.4679, 0, 70.2567, 12.9535, 74.4884, 0, 15.8456, 0, 88.9086, 87.838, 0, 0, 0, 0, 0, 5.8042, 65.9622, 98.4694, 67.4354, 0, 2.7154, 0, 65.4995, 0, 0, 0, 0, 36.755, 54.6016, 54.8531, 71.9724, 0, 0, 45.2512, 84.2826, 73.4491, 73.2885, 0, 77.129, 12.3278, 0, 14.0567, 62.1479]
[0, 0, 68.0676, 0, 92.3409, 0, 0, 0, 32.7613, 15.7877, 0, 0, 0, 19.7944, 39.8875, 23.8061, 29.0191, 0, 8.9846, 0, 0, 7.7954, 28.6173, 74.5435, 0, 35.3813, 43.66, 35.8064, 87.8732, 0, 27.3192, 93.131, 0, 77.0789, 0, 82.1909, 0, 55.7686, 3.8056, 0, 30.0196, 89.9405, 0, 0, 0, 0, 8.8121, 0, 0, 56.4046, 89.147, 57.3128, 0, 0, 0, 65.433, 45.3524, 0, 0, 0, 17.981, 34.496, 69.8727, 0, 33.4263, 0, 79.0951, 0, 0, 0, 40.9283, 43.922, 93.7999, 0, 93.9565, 0, 48.4398, 0, 92.5235, 0, 91.2714, 0, 73.1405, 0, 0, 0, 0, 0, 0, 20.1756, 53.0677, 34.1299, 64.1145, 93.5958, 98.2126, 40.8073, 66.0821, 35.5417, 53.636, 34.2375, 0, 0, 7.7488, 0, 0, 0, 27.6333, 46.0205, 0, 0, 19.8845, 0, 0, 59.0987, 72.5639, 60.5995, 95.2412, 0, 0, 22.438, 0, 0, 71.9306, 59.2333, 0]
[0, 37.8773, 0, 20.4137, 85.7394, 0, 78.9173, 32.7613, 0, 0, 0, 59.359, 0, 89.1061, 0, 0, 0, 25.5095, 0, 61.7133, 19.3223, 0, 48.0204, 0, 0, 48.399, 0, 86.1774, 0, 72.6552, 0, 6.0129, 78.9335, 0, 86.5921, 33.865, 0, 46.5064, 0, 0, 0, 90.1403, 0, 0, 0, 69.8348, 0, 91.6102, 27.1738, 57.605, 0, 64.9117, 0, 32.8447, 27.7603, 77.2709, 14.4519, 35.7951, 0, 62.3069, 0, 0, 0, 0, 41.6061, 0, 0, 0, 35.9961, 0, 79.8747, 29.2589, 75.8088, 0, 0, 0, 15.5345, 3.9955, 67.3474, 0, 0, 80.7682, 15.1308, 74.052, 0, 58.1132, 2.9403, 0, 10.0984, 0, 0, 0, 23.6288, 52.9216, 0, 0, 4.4469, 6.4983, 33.2504, 20.2567, 71.3772, 62.5315, 0, 89.4171, 0, 39.0528, 14.0075, 0, 52.227, 58.1928, 14.5689, 0, 57.2715, 93.3757, 0, 25.8264, 84.2282, 0, 89.7366, 0, 0, 0, 0, 0, 0]
[57.2741, 52.1845, 43.6035, 31.6976, 0, 0, 54.341, 15.7877, 0, 0, 0, 0, 13.9956, 0, 54.6556, 48.3826, 0, 0, 9.3874, 16.177, 0, 2.5522, 16.4073, 0, 11.6105, 89.935, 10.1628, 0, 0, 0, 83.6174, 92.9831, 48.3382, 20.7119, 91.4944, 62.4308, 0, 83.2515, 43.2339, 20.8095, 0, 0, 0, 0, 0, 87.773, 30.5977, 3.5051, 0, 0, 0, 0, 30.7201, 0, 77.7893, 0, 55.2665, 83.6711, 52.9518, 0, 65.4661, 0, 97.4724, 98.129, 90.2365, 46.8437, 0, 0, 80.1075, 23.3868, 75.1893, 76.1234, 0, 83.6332, 96.4719, 0, 59.2163, 4.8604, 16.3657, 0, 26.7155, 0, 34.2796, 62.9347, 0, 0, 0, 47.2217, 0, 0, 0, 0, 0, 0, 96.3979, 66.8994, 79.0629, 97.9894, 57.4748, 75.6699, 0, 0, 0, 52.2925, 0, 0, 18.2352, 2.9572, 74.1069, 0, 0, 58.5452, 41.183, 0, 48.267, 0, 0, 0, 0, 0, 36.3596, 58.3386, 15.0612, 64.9553, 0]
[0, 20.0851, 47.643, 30.9143, 0, 0, 0, 0, 0, 0, 0, 51.8433, 49.5727, 91.2842, 40.0244, 90.6897, 23.3314, 63.253, 0, 0, 0, 83.4839, 0, 0, 17.0001, 47.7629, 85.7642, 0, 0, 82.0487, 0, 28.6066, 68.7569, 0, 31.4624, 0, 72.3425, 0, 61.6631, 0, 83.6848, 0, 31.2029, 40.9404, 0, 91.252, 0, 0, 0.2127, 27.5378, 0, 0, 0, 0, 76.0646, 88.4378, 0, 0, 0, 67.7902, 35.886, 57.861, 17.2782, 76.673, 83.635, 80.7794, 61.1161, 71.0153, 0, 2.3297, 42.6654, 15.5127, 34.4502, 0, 0, 17.2526, 26.8793, 36.2734, 26.4387, 0, 41.1757, 0, 71.9839, 77.6736, 11.0974, 34.5644, 16.1889, 45.7745, 56.7314, 66.1212, 86.303, 0, 24.5467, 34.4238, 12.8939, 0, 0, 37.9387, 0, 74.8956, 6.3135, 77.6529, 56.7451, 74.7928, 0, 0, 21.8797, 0, 6.5444, 0, 25.7826, 54.638, 0, 0, 28.4613, 0, 87.6676, 23.4303, 76.458, 74.2576, 0, 79.0413, 73.2696, 0, 17.9622]
[59.9074, 49.9684, 0, 79.1424, 2.6044, 60.6344, 0, 0, 59.359, 0, 51.8433, 0, 61.3315, 19.5878, 0, 0, 26.2614, 0, 56.5488, 0, 0, 92.9031, 91.2948, 74.1667, 4.6247, 95.363, 0, 40.5285, 0, 0, 0, 0, 0, 27.3702, 0, 61.2673, 15.9328, 80.7584, 0, 0, 68.6812, 90.478, 0, 44.6191, 0, 69.3686, 36.7849, 0, 0, 18.5649, 0, 0, 75.7612, 7.6235, 0, 62.7309, 0, 45.2421, 0, 66.5338, 0, 85.6284, 41.7463, 0, 0, 0, 42.334, 96.0108, 30.7417, 41.7821, 0, 72.8869, 0, 33.7436, 33.2568, 14.3178, 51.8342, 0, 0, 0, 70.8115, 0, 28.6334, 44.6531, 0, 2.3491, 6.2955, 87.1717, 0, 0, 0, 0, 48.1884, 49.447, 0, 82.3168, 0, 0, 0, 0, 87.1415, 13.0362, 0, 0, 0, 38.2749, 55.1179, 0, 0, 0, 47.3806, 0, 21.9132, 0, 46.8671, 13.7266, 79.3242, 0, 36.2591, 49.7608, 11.83, 4.8496, 44.3709, 73.3419, 0]
[0, 7.1199, 66.2968, 0, 45.2261, 49.5785, 0, 0, 0, 13.9956, 49.5727, 61.3315, 0, 78.147, 0, 0, 19.6233, 80.7245, 0, 40.8214, 10.0782, 28.86, 40.1398, 0, 0, 0, 32.8442, 89.4045, 26.8052, 0, 79.9779, 56.0216, 0, 81.6342, 77.3595, 0, 99.5817, 60.3838, 0, 0, 69.8496, 58.0763, 38.6875, 64.1277, 87.9978, 0, 0, 94.7957, 45.3336, 0, 86.908, 20.1235, 4.756, 0, 0, 0, 30.9449, 65.4695, 41.8717, 16.6985, 96.4515, 0, 36.5973, 59.7482, 11.6856, 0.8712, 25.6243, 45.0839, 0, 0, 80.1224, 8.6971, 0, 41.076, 0, 91.5548, 0, 21.127, 0, 0, 31.7794, 78.2371, 0, 75.9127, 24.1986, 0, 91.5249, 10.6509, 0, 29.9754, 0, 0, 0, 0, 2.8634, 85.2673, 97.2698, 45.2787, 0, 0, 0, 0, 69.0907, 0, 48.6236, 41.5247, 0, 70.3439, 0, 0, 0, 0, 0, 0, 95.3881, 18.4876, 33.3017, 8.8297, 0, 79.3003, 0, 66.4858, 35.5308, 0, 0]
[0, 0, 26.3961, 64.7498, 0, 0, 7.4184, 19.7944, 89.1061, 0, 91.2842, 19.5878, 78.147, 0, 68.7806, 0, 0, 5.3758, 0, 56.9466, 62.6898, 86.2812, 0, 0, 97.7904, 0, 84.8555, 45.452, 85.577, 0, 67.1626, 0, 0, 7.4372, 0, 80.3925, 62.3211, 0, 27.3412, 0, 0, 64.5811, 13.3473, 2.9489, 0, 91.4951, 40.7142, 69.2736, 0, 0, 0, 0, 12.0286, 3.9513, 67.5341, 12.6096, 0, 7.6497, 0, 56.7208, 0, 15.5726, 12.5359, 18.5488, 12.8489, 97.2647, 0, 0, 0, 0, 12.2305, 14.2155, 61.7901, 85.3349, 64.7797, 0, 0, 50.2007, 57.2229, 56.7933, 31.1668, 0, 0, 3.8626, 89.9534, 2.4444, 0, 48.3791, 0, 0, 79.9934, 0, 0, 0, 0, 4.3008, 95.7376, 44.6714, 31.8158, 0, 90.6965, 12.1748, 17.5766, 69.5421, 44.89, 53.7815, 40.2592, 0, 0, 49.0529, 59.486, 10.13, 0, 42.2629, 19.2178, 0, 0.5113, 44.0819, 0, 11.8074, 0, 0, 32.3605, 0, 0]
[0, 0, 84.647, 0, 55.1094, 3.7887, 0, 39.8875, 0, 54.6556, 40.0244, 0, 0, 68.7806, 0, 0, 0, 83.1797, 73.0248, 0, 0, 0, 49.6635, 14.6281, 0, 49.5188, 0, 0, 0, 45.686, 0, 28.0078, 0, 0, 41.3072, 35.4788, 38.3564, 2.7265, 0, 76.7319, 22.1805, 48.1028, 0, 2.0021, 0, 33.443, 77.1867, 0, 0, 12.7792, 0, 11.7251, 0, 22.0255, 0, 67.2648, 0, 0, 0, 0, 35.2675, 87.7099, 0, 0, 30.5327, 37.3761, 66.5379, 0, 0, 0, 27.7485, 0, 0, 44.3288, 0, 82.2215, 0, 0, 0, 0, 65.4858, 7.8723, 0, 59.9238, 49.8459, 32.8643, 0, 95.5798, 0, 55.9239, 69.2506, 35.1321, 0, 0, 0, 0, 87.2812, 61.1902, 69.6058, 48.7802, 0, 68.4606, 65.2028, 51.0519, 0, 83.9871, 85.55, 93.6565, 37.069, 92.5243, 75.8486, 0, 27.7785, 0, 44.7505, 79.927, 85.5719, 62.6637, 56.6182, 0.6734, 89.3523, 20.2743, 80.7628, 5.2275, 66.7367]
[69.1989, 86.7021, 0, 0, 0, 0, 49.4516, 23.8061, 0, 48.3826, 90.6897, 0, 0, 0, 0, 0, 0, 0, 69.6859, 0, 21.5972, 59.2732, 97.4862, 84.1944, 0, 0, 8.044, 4.9319, 0, 51.8471, 0, 82.4284, 32.206, 0, 83.1493, 0, 92.1271, 45.881, 23.9079, 0, 4.5773, 4.0448, 0, 0, 0, 92.7784, 0, 0, 0, 54.2868, 85.5917, 0, 12.1465, 10.8988, 62.7105, 31.6157, 0, 0, 0.4595, 24.6383, 0, 0, 80.7119, 0, 0, 70.0615, 0, 0, 0, 0, 58.7142, 68.2558, 19.4487, 88.8809, 0, 0, 0, 69.297, 60.328, 0, 29.132, 3.9193, 0, 0, 0, 0, 62.4268, 18.0951, 18.8849, 0, 34.0733, 0, 25.3557, 49.9482, 0, 83.7934, 66.8735, 99.2324, 0, 66.2836, 99.9219, 57.0418, 0, 0, 0, 0, 0, 0, 1.6045, 40.7669, 0, 60.2215, 29.1169, 98.7693, 0, 0, 34.4306, 65.1814, 77.2875, 0, 69.7221, 0, 85.8141, 3.0701, 0]
[0, 11.809, 0, 0, 48.7079, 57.1861, 91.5574, 29.0191, 0, 0, 23.3314, 26.2614, 19.6233, 0, 0, 0, 0, 17.7065, 0, 7.8335, 0, 24.5994, 0, 60.2321, 34.8947, 36.7983, 94.4249, 2.9115, 59.9783, 88.6524, 25.4792, 89.1932, 0, 0, 51.4435, 0, 57.8232, 96.4696, 0, 0, 0, 35.5296, 0, 37.3096, 0, 93.533, 40.4248, 41.6135, 12.2869, 99.3957, 0, 49.1364, 0, 0, 0, 53.0892, 0, 95.9456, 76.0404, 37.0197, 0, 41.7834, 88.8979, 2.8482, 32.0904, 0, 5.0293, 27.6455, 80.8936, 46.36, 0, 0, 93.1213, 33.0385, 20.7657, 0, 97.1475, 0, 0, 60.2002, 45.5792, 0, 99.4564, 0, 91.3614, 81.3247, 0, 0, 0, 0, 38.5536, 0, 4.2906, 0, 37.3643, 0.8963, 37.8012, 8.9306, 78.1316, 62.6177, 92.4596, 46.7235, 0, 0, 41.7323, 66.931, 26.2323, 60.1252, 0, 54.8406, 6.5109, 0, 94.7208, 18.8754, 0, 0, 0, 48.2064, 0, 20.5415, 58.4014, 0, 0, 57.243, 58.4929]
[0, 97.07, 54.4535, 81.8481, 0, 9.5003, 96.0134, 0, 25.5095, 0, 63.253, 0, 80.7245, 5.3758, 83.1797, 0, 17.7065, 0, 0, 31.0259, 44.5802, 0, 25.9183, 94.4015, 17.3597, 49.5335, 0, 0, 90.6044, 63.4563, 0, 16.1277, 0, 0, 0, 0, 0, 87.7712, 0, 50.4931, 0, 26.0453, 75.4921, 0, 73.5746, 0, 0, 0, 0, 23.7989, 0, 24.2264, 95.4596, 0, 46.1981, 0, 35.0599, 0, 65.6695, 0, 0, 0, 42.3261, 0, 0, 46.4198, 22.0197, 43.1774, 12.3859, 0, 78.6429, 0, 0, 60.077, 0, 57.6322, 0, 78.3339, 0, 0, 65.1688, 0, 69.4636, 0, 0, 54.6301, 78.1728, 27.3848, 74.1336, 36.8405, 86.3043, 21.9971, 0, 89.3578, 56.0977, 0, 0, 21.0736, 0, 0, 0, 0, 89.3403, 30.7502, 21.7493, 0, 97.3374, 0, 0, 0, 87.3703, 41.1952, 3.2509, 17.0919, 17.7652, 0, 85.7509, 22.9964, 17.1771, 63.346, 8.0032, 92.288, 0, 40.0202, 63.0356]
[0.3066, 47.6831, 0, 0, 0, 0, 0, 8.9846, 0, 9.3874, 0, 56.5488, 0, 0, 73.0248, 69.6859, 0, 0, 0, 0, 0, 38.6929, 59.2979, 0, 0, 0, 0, 0, 37.6411, 41.0748, 0, 8.1063, 0, 78.0042, 0, 76.5881, 44.2569, 0.3169, 12.3925, 94.1789, 0, 0, 0, 0, 20.51, 62.9668, 0, 87.5007, 0, 0, 0, 0, 81.2134, 87.5887, 57.9927, 0, 18.2461, 17.1466, 74.8309, 69.3223, 0, 27.9073, 86.486, 0, 71.7824, 0, 47.8106, 0, 50.4769, 0, 0, 0, 49.162, 0, 50.863, 0, 0, 55.3852, 63.9438, 0, 96.472, 90.2759, 41.2509, 36.3531, 0, 0, 0, 0, 0, 0, 36.6327, 32.8909, 78.8746, 32.4558, 0, 85.0736, 0, 0, 0, 0, 25.0791, 2.8398, 65.8106, 87.087, 0, 2.2572, 0, 55.6781, 73.1688, 0, 5.5369, 0, 67.7139, 89.7714, 77.1125, 47.5102, 0, 14.0527, 71.086, 0, 0, 76.0564, 0, 46.6835, 0]
[88.0736, 49.789, 62.4428, 77.7856, 60.8005, 48.8029, 70.4105, 0, 61.7133, 16.177, 0, 0, 40.8214, 56.9466, 0, 0, 7.8335, 31.0259, 0, 0, 0, 45.9468, 0, 40.3304, 27.3383, 10.9759, 0, 0, 0, 0, 0, 0, 75.6692, 87.3338, 0, 1.9905, 19.0868, 0, 0, 96.6164, 0, 98.1737, 0, 0, 0, 63.2338, 0, 0, 31.2868, 83.9543, 57.5085, 0, 0, 1.7852, 31.0706, 30.6362, 9.7703, 0, 0, 0, 8.7701, 68.9223, 0, 0, 98.377, 89.7617, 0, 39.2084, 32.9121, 0, 15.2377, 49.9092, 72.6512, 95.7506, 55.8984, 0, 68.8897, 36.1624, 85.4502, 0, 0, 24.0338, 93.0077, 0, 54.5225, 0, 0, 54.2154, 0, 86.7594, 82.4695, 0, 0, 0, 1.2703, 0, 0, 49.5795, 0, 8.9595, 61.5681, 0, 0, 74.0141, 77.4251, 0, 24.7231, 62.5168, 0, 33.1173, 9.9206, 0, 0, 49.4943, 53.13, 0, 0, 0, 11.0167, 0, 0, 0, 16.1965, 0, 97.0794]
[63.219, 0, 19.736, 19.754, 0, 0, 0, 0, 19.3223, 0, 0, 0, 10.0782, 62.6898, 0, 21.5972, 0, 44.5802, 0, 0, 0, 58.0516, 72.813, 98.9114, 0.1536, 0, 0, 91.5074, 12.4645, 0, 0, 51.9027, 7.8825, 20.5558, 69.1374, 29.9216, 44.3956, 0, 18.5695, 98.2913, 0, 96.3258, 0, 0, 45.6481, 77.1057, 0, 0, 0, 43.7597, 0, 0, 12.693, 0, 0, 85.6952, 0, 0, 0, 0, 58.1476, 0, 0, 57.1279, 88.2474, 0, 83.6945, 15.6856, 14.5393, 11.5513, 10.9145, 93.7636, 0, 67.1858, 10.5613, 32.2349, 47.1066, 89.8359, 0, 81.8813, 0, 18.4721, 83.9341, 0, 53.3081, 53.3926, 29.4247, 88.717, 72.13, 74.4715, 83.3056, 0, 0, 0, 50.9086, 70.6959, 33.4978, 0, 47.7103, 0, 0, 51.5001, 25.1978, 0, 98.8018, 0, 36.7504, 48.0933, 80.1684, 0, 0, 0, 75.996, 0, 0, 0, 3.7354, 48.2808, 49.8902, 0, 47.5425, 98.9314, 66.5016, 0, 0]
[9.7901, 82.1454, 0, 61.4669, 75.1149, 0, 88.4999, 7.7954, 0, 2.5522, 83.4839, 92.9031, 28.86, 86.2812, 0, 59.2732, 24.5994, 0, 38.6929, 45.9468, 58.0516, 0, 99.9393, 88.5322, 0, 35.4513, 99.8843, 76.1152, 54.6041, 59.0433, 26.5166, 0, 79.0702, 70.3612, 17.96, 4.9804, 0, 0, 83.3702, 0, 38.2218, 0, 92.9569, 0, 30.5045, 18.9772, 0, 0, 0, 3.7542, 82.4696, 95.4502, 91.5161, 26.9708, 0, 0, 88.9778, 0, 47.6199, 0, 0, 46.9476, 0, 82.0009, 0, 0, 38.473, 30.6116, 60.859, 0, 0, 54.7422, 98.6421, 0, 34.4848, 0, 61.3643, 64.4722, 0, 0, 13.3876, 0, 88.4293, 0, 3.9735, 0, 84.0099, 0, 67.091, 93.6301, 23.4828, 51.8676, 81.5351, 0, 0, 0, 48.9789, 1.8202, 0, 57.3788, 0, 14.8796, 0, 81.8662, 0, 0, 35.8217, 0, 0, 0, 64.3869, 0, 86.1289, 90.1802, 21.1627, 86.5531, 15.0878, 0, 92.1355, 0, 72.1465, 0, 0, 0, 78.1948]
[0, 0, 85.6023, 16.1448, 22.2969, 29.2074, 0, 28.6173, 48.0204, 16.4073, 0, 91.2948, 40.1398, 0, 49.6635, 97.4862, 0, 25.9183, 59.2979, 0, 72.813, 99.9393, 0, 19.7533, 0, 69.1191, 79.1803, 35.0904, 54.1539, 73.4264, 58.2152, 16.088, 0, 18.989, 92.395, 0, 47.3662, 0, 0, 35.0055, 53.9368, 48.6902, 0, 0, 2.1659, 0, 43.8692, 0, 15.1107, 13.533, 35.4359, 17.1818, 0, 0, 0, 0, 92.4243, 0, 80.3657, 0, 3.4634, 0, 10.7761, 91.8886, 16.6212, 30.2002, 69.0433, 19.8414, 82.9599, 0, 0, 0, 56.7393, 0, 41.1641, 0, 0, 41.1614, 21.7897, 43.9563, 0, 29.7402, 0, 0, 61.8034, 50.1006, 0, 73.0731, 0, 24.3223, 0, 2.7186, 10.1707, 0, 30.6492, 0, 0, 0, 7.4123, 0, 13.7595, 0, 0, 50.4061, 0, 0, 94.9458, 94.1106, 0, 0, 0, 0, 91.9605, 92.1702, 85.3977, 34.9553, 85.4247, 0, 0, 91.5223, 0, 19.0267, 0, 0, 17.6955]
[60.0199, 18.0049, 0, 0, 87.7633, 0, 0, 74.5435, 0, 0, 0, 74.1667, 0, 0, 14.6281, 84.1944, 60.2321, 94.4015, 0, 40.3304, 98.9114, 88.5322, 19.7533, 0, 17.3671, 0, 0, 0, 63.9301, 64.1195, 31.4843, 9.0308, 96.2581, 51.3936, 11.3711, 63.133, 19.721, 73.8713, 15.0434, 0, 97.8079, 46.0996, 0, 45.4559, 93.9971, 40.7633, 30.173, 85.2562, 63.48, 11.7831, 79.5244, 0, 0, 0, 0, 99.7678, 0, 0, 0, 0, 0, 71.7733, 0, 87.563, 0, 57.091, 0, 37.1707, 0, 58.2856, 0, 37.9152, 0, 0, 20.9329, 19.6901, 13.7176, 0, 30.8713, 2.1859, 0, 7.3854, 0, 0, 42.9745, 60.6755, 43.6995, 38.6925, 0, 9.544, 0, 0, 85.4483, 40.2147, 0, 0, 0, 59.5074, 0, 0, 70.7947, 74.6775, 0, 77.026, 93.5861, 0, 0, 10.7852, 0, 0, 4.1129, 0, 0, 0, 70.2355, 0, 80.4869, 0, 4.7541, 32.9361, 31.1113, 0, 0, 0, 0]
[19.5258, 84.329, 0, 63.6128, 60.75, 0, 0, 0, 0, 11.6105, 17.0001, 4.6247, 0, 97.7904, 0, 0, 34.8947, 17.3597, 0, 27.3383, 0.1536, 0, 0, 17.3671, 0, 0, 0, 85.7293, 30.7133, 0, 0, 0, 0, 40.8793, 0, 19.1363, 12.5082, 0, 0, 5.0058, 0, 95.0268, 95.191, 47.7872, 0, 0, 0, 66.4353, 0, 5.537, 0, 0, 57.0637, 58.4807, 0, 2.2161, 0, 95.9155, 0, 21.6111, 0, 88.6934, 0, 19.0522, 32.9986, 1.9729, 0, 0, 75.0105, 72.2379, 78.348, 0, 0, 0, 0, 59.9555, 0, 66.1603, 81.6852, 0, 0, 0, 29.4602, 0, 14.2996, 0, 92.643, 0, 7.7603, 6.2235, 38.0814, 54.2598, 0, 67.1193, 2.3483, 66.2495, 65.1457, 32.1322, 0, 28.5465, 77.6437, 0, 49.6759, 0, 65.7544, 0, 19.3211, 0, 0, 0, 0, 50.9164, 0, 0, 72.5308, 85.282, 0, 42.7867, 6.9524, 63.053, 46.8545, 0, 92.1004, 68.6143, 0]
[77.8692, 51.0808, 0, 91.1465, 13.8085, 0, 59.0254, 35.3813, 48.399, 89.935, 47.7629, 95.363, 0, 0, 49.5188, 0, 36.7983, 49.5335, 0, 10.9759, 0, 35.4513, 69.1191, 0, 0, 0, 34.3683, 0, 0, 92.7274, 47.739, 81.6579, 65.822, 85.7336, 56.8208, 0, 26.1081, 53.5321, 0, 66.915, 0, 0, 0, 85.1397, 83.196, 0, 62.5019, 87.4248, 87.1386, 0, 64.9681, 38.088, 24.5337, 0, 0, 72.3627, 0, 0, 0, 79.3514, 63.0252, 76.3506, 96.0339, 0, 0, 76.624, 38.5087, 35.8502, 59.0068, 95.6791, 72.2215, 0, 23.3022, 23.0618, 73.9244, 94.0503, 78.5152, 0, 27.9385, 85.2425, 69.6556, 0, 2.1653, 22.553, 0, 69.5102, 54.4301, 0, 0, 0, 0, 92.4028, 0, 0, 0, 8.2112, 4.8842, 4.458, 0, 0, 0, 0, 78.084, 0, 14.7016, 86.2551, 0, 0, 0, 0, 23.5552, 0, 0, 0, 0, 91.5361, 45.7466, 0, 0, 0, 83.1482, 0, 2.9554, 77.3299, 0]
[0, 0, 0, 8.8197, 0, 0.7991, 96.7954, 43.66, 0, 10.1628, 85.7642, 0, 32.8442, 84.8555, 0, 8.044, 94.4249, 0, 0, 0, 0, 99.8843, 79.1803, 0, 0, 34.3683, 0, 0, 0, 64.6309, 0, 0, 39.2051, 0, 67.4437, 45.8919, 87.6149, 47.0476, 41.8647, 42.2458, 0, 0, 97.1987, 0, 0, 0, 0, 29.4101, 0, 62.5573, 0, 50.468, 79.0766, 0, 0, 34.0035, 46.895, 0.7361, 74.9098, 91.8941, 97.1919, 31.916, 28.9101, 69.0599, 92.9463, 0, 0, 72.4486, 0, 5.3425, 74.2817, 64.1724, 78.4062, 0, 36.4635, 81.3527, 0, 0, 40.5486, 30.1039, 33.8879, 29.8603, 0, 0, 12.7909, 0, 45.871, 0, 0, 0, 44.2099, 0, 21.7024, 33.0338, 98.7212, 0, 85.2475, 0, 42.351, 0, 5.7364, 37.4811, 0, 0, 0, 60.1743, 8.9891, 29.2554, 0, 35.6338, 68.5761, 0, 46.8845, 0, 64.927, 0, 0, 0, 30.1806, 0, 0, 20.7689, 63.0149, 47.8113, 37.5657]
[51.7328, 0, 74.5096, 33.9066, 16.8699, 0, 0, 35.8064, 86.1774, 0, 0, 40.5285, 89.4045, 45.452, 0, 4.9319, 2.9115, 0, 0, 0, 91.5074, 76.1152, 35.0904, 0, 85.7293, 0, 0, 0, 81.0038, 0, 15.05, 16.8318, 0, 12.1531, 82.4011, 0, 0, 15.6211, 0, 23.5965, 0, 0, 61.5547, 66.7156, 0, 0.2227, 32.9762, 33.1636, 26.3609, 0, 0, 0, 0, 0, 79.3861, 64.2829, 0, 0, 0, 82.9829, 68.8536, 0, 0, 44.2431, 84.9543, 12.6872, 60.2294, 0, 0, 0, 0, 13.7896, 0, 34.5962, 77.3697, 80.4257, 66.9817, 54.9464, 15.9486, 0, 68.7868, 92.3197, 0, 0, 0, 21.373, 31.9658, 62.6237, 0, 74.6208, 0, 26.3527, 0, 47.5708, 0, 0, 0, 0, 20.1801, 60.1143, 66.7248, 51.3923, 61.7593, 69.9925, 49.1349, 77.8756, 96.5861, 0, 0, 0, 0, 68.2134, 15.6732, 17.9479, 0, 91.5278, 3.4916, 95.6688, 0, 37.831, 0, 83.2247, 0, 0, 35.3648]
[0, 20.032, 0, 18.5794, 0, 0, 0, 87.8732, 0, 0, 0, 0, 26.8052, 85.577, 0, 0, 59.9783, 90.6044, 37.6411, 0, 12.4645, 54.6041, 54.1539, 63.9301, 30.7133, 0, 0, 81.0038, 0, 41.3868, 33.4438, 65.759, 4.5645, 68.5992, 7.1582, 49.303, 0, 89.2501, 56.2457, 24.2452, 65.9047, 0, 0, 94.7792, 91.4704, 43.375, 0.76, 0, 69.4875, 44.9062, 0, 0, 55.8866, 37.7396, 0.9167, 0, 58.7295, 0, 68.1411, 0, 0, 0, 68.5255, 0, 33.076, 53.4381, 0, 94.4056, 0, 0, 0, 28.1494, 11.158, 0, 18.2583, 75.8155, 0, 90.4214, 42.4872, 0, 27.9495, 19.6627, 15.3816, 9.4088, 2.4309, 43.911, 94.9833, 0, 50.8813, 45.5347, 45.8137, 11.0238, 0, 1.5474, 0, 0, 69.8893, 0, 94.7833, 93.6965, 0, 13.1106, 47.8312, 52.1071, 0, 46.2995, 32.6628, 0, 0, 1.787, 51.8672, 74.1971, 60.8122, 44.4155, 16.6488, 50.5753, 40.687, 0, 0, 0, 0, 0, 5.688, 0, 60.5106]
[9.1356, 0, 61.3364, 14.0598, 0, 73.2776, 0, 0, 72.6552, 0, 82.0487, 0, 0, 0, 45.686, 51.8471, 88.6524, 63.4563, 41.0748, 0, 0, 59.0433, 73.4264, 64.1195, 0, 92.7274, 64.6309, 0, 41.3868, 0, 76.0079, 46.8384, 65.7496, 0, 5.2669, 0, 0, 41.244, 93.7717, 62.5814, 0, 0, 20.9006, 61.2185, 0, 99.9793, 91.2472, 0, 13.0682, 25.1025, 42.218, 0, 0, 19.5342, 27.876, 89.555, 69.1281, 0, 0, 88.0815, 0, 0, 0, 49.9477, 36.4849, 3.4255, 0, 85.4278, 0, 41.2447, 44.1775, 0, 18.1886, 55.2185, 0, 0, 0, 25.1799, 0, 52.2337, 27.9732, 93.2023, 0, 67.0128, 71.133, 0, 69.8514, 62.0909, 0, 76.8688, 0, 39.7675, 88.0641, 0, 0, 49.4891, 94.4646, 0, 0, 0, 0, 8.8053, 81.2881, 17.1979, 0, 86.3654, 95.87, 0, 0, 65.521, 0, 0, 34.1681, 19.9143, 83.068, 13.4959, 0, 44.55, 0, 1.3173, 53.1143, 0, 53.6534, 0, 29.2023]
[0, 0, 2.4524, 0, 18.9635, 27.6231, 0, 27.3192, 0, 83.6174, 0, 0, 79.9779, 67.1626, 0, 0, 25.4792, 0, 0, 0, 0, 26.5166, 58.2152, 31.4843, 0, 47.739, 0, 15.05, 33.4438, 76.0079, 0, 58.9358, 19.0342, 0, 0, 89.9187, 10.5299, 0, 7.5162, 29.4146, 1.334, 62.8223, 0, 0, 99.7142, 90.2316, 45.1283, 0, 0, 0, 69.1778, 67.7653, 15.1837, 48.6374, 52.2938, 71.7688, 19.4656, 46.0805, 30.9039, 31.4189, 0, 97.254, 72.6262, 74.7622, 0, 55.3025, 0, 0, 6.6748, 0, 48.4562, 34.2389, 99.5561, 41.3524, 0, 97.5511, 58.931, 0, 0, 51.8126, 96.0797, 21.3934, 43.8604, 59.9812, 41.7774, 0, 0, 91.0037, 3.8969, 87.7031, 69.258, 0, 0, 0, 89.4265, 0, 49.5826, 83.9091, 0, 79.7927, 71.7694, 0, 43.2143, 97.9451, 0, 39.769, 0, 0, 0, 0, 0, 3.9073, 0, 0, 0, 88.377, 30.3616, 0.4025, 0, 0, 5.052, 0, 0, 0, 32.3295]
[0, 0, 0, 5.4149, 0, 0, 9.4711, 93.131, 6.0129, 92.9831, 28.6066, 0, 56.0216, 0, 28.0078, 82.4284, 89.1932, 16.1277, 8.1063, 0, 51.9027, 0, 16.088, 9.0308, 0, 81.6579, 0, 16.8318, 65.759, 46.8384, 58.9358, 0, 0, 0, 0, 0, 72.7711, 0, 65.1553, 46.8026, 0, 3.8202, 0, 31.8727, 0, 0, 0, 99.2999, 46.2764, 49.4328, 62.3201, 0, 20.6692, 8.2602, 0, 0, 27.045, 96.5001, 31.1356, 0, 0, 90.4933, 83.8558, 83.6845, 0, 73.4485, 0, 0, 44.3476, 56.5891, 93.1857, 0, 0, 0, 0, 0, 57.7717, 0, 0, 0, 44.4769, 81.4827, 51.089, 0, 0, 0, 90.1659, 56.4038, 0, 42.4352, 87.5955, 22.2075, 0, 78.0525, 0, 0, 29.4906, 15.3546, 86.4733, 2.4102, 0, 0, 0, 36.6716, 41.9725, 85.2456, 64.8775, 0, 30.3075, 0, 41.0112, 6.9612, 32.73, 0, 47.5701, 0, 17.8653, 36.8756, 67.0176, 0, 0, 64.4389, 0, 78.0542, 36.4677]
[0, 4.6838, 0, 0, 0.914, 0, 0, 0, 78.9335, 48.3382, 68.7569, 0, 0, 0, 0, 32.206, 0, 0, 0, 75.6692, 7.8825, 79.0702, 0, 96.2581, 0, 65.822, 39.2051, 0, 4.5645, 65.7496, 19.0342, 0, 0, 0, 5.9906, 84.8307, 26.8291, 0, 12.4611, 0, 81.0862, 0, 10.5585, 0, 92.3231, 0, 6.651, 32.9376, 90.3842, 0, 27.2012, 0, 0, 37.9185, 3.8725, 15.8011, 0, 0, 0, 79.5658, 90.8268, 87.1273, 38.795, 92.3737, 0, 91.9336, 45.4964, 0, 93.8001, 0, 87.4258, 0, 0, 59.6132, 39.4933, 0, 78.193, 24.9047, 85.6261, 0, 63.8855, 74.6566, 0, 0, 0, 0, 12.248, 11.1087, 68.3588, 31.3695, 0, 75.0732, 0, 0, 0, 83.5483, 58.9889, 0, 0, 61.2098, 0, 42.1215, 0, 0, 64.0328, 83.3267, 0, 79.4092, 14.3246, 43.3899, 9.6343, 30.7388, 0, 2.39, 0, 32.3791, 29.3574, 0, 0, 51.5428, 63.4999, 10.7739, 41.1847, 0, 92.7932]
[30.0515, 82.9504, 45.3279, 48.1467, 0, 80.3996, 0, 77.0789, 0, 20.7119, 0, 27.3702, 81.6342, 7.4372, 0, 0, 0, 0, 78.0042, 87.3338, 20.5558, 70.3612, 18.989, 51.3936, 40.8793, 85.7336, 0, 12.1531, 68.5992, 0, 0, 0, 0, 0, 24.2106, 43.2278, 0, 97.884, 0, 56.8612, 0, 72.8767, 98.9522, 0, 22.1331, 74.7879, 0, 0, 0, 0, 52.8156, 0, 32.6319, 89.0306, 76.3304, 25.1391, 22.801, 15.362, 0.0348, 76.2445, 31.783, 0, 33.958, 0, 0, 8.0192, 0, 66.3073, 53.9974, 73.5736, 72.9596, 0, 58.0438, 0, 66.555, 28.0045, 16.2041, 53.6317, 0, 0, 0, 0, 0, 0, 54.457, 0, 8.8841, 75.5223, 0, 3.5808, 0, 0, 27.9147, 92.315, 0, 0, 0, 0, 0, 73.3403, 21.1718, 73.9874, 81.858, 17.6332, 69.104, 0, 21.5414, 0, 94.7512, 85.481, 0, 0, 10.939, 70.8394, 11.1361, 75.4577, 25.892, 62.55, 2.0588, 0, 0, 38.2206, 0, 0, 28.7652]
[28.397, 0, 46.1946, 0.604, 79.9499, 0, 31.1855, 0, 86.5921, 91.4944, 31.4624, 0, 77.3595, 0, 41.3072, 83.1493, 51.4435, 0, 0, 0, 69.1374, 17.96, 92.395, 11.3711, 0, 56.8208, 67.4437, 82.4011, 7.1582, 5.2669, 0, 0, 5.9906, 24.2106, 0, 89.4207, 0, 0, 41.8569, 63.1284, 55.1836, 51.8601, 71.8817, 0, 0, 42.3621, 28.101, 0, 13.8408, 0, 15.4556, 0, 0, 84.8199, 0, 57.3893, 0, 0, 0, 0, 0, 34.4906, 1.2617, 0, 62.9355, 0, 0, 69.2943, 8.2238, 18.1487, 91.8328, 1.9433, 44.6817, 0, 36.7221, 4.8514, 0, 0, 57.3523, 10.2628, 4.6805, 14.6088, 0, 0, 0, 33.9049, 0, 0, 77.9255, 0, 79.0504, 3.383, 59.6081, 42.1644, 4.3125, 0, 70.2516, 45.6389, 51.7864, 94.5544, 8.1322, 85.2692, 56.6548, 0, 0, 0, 0, 0, 3.7424, 0, 2.763, 99.2788, 87.0514, 8.5979, 0, 0, 0, 47.1775, 0, 0, 56.7162, 0, 0, 0, 0]
[0, 93.88, 0, 0, 88.673, 0, 0, 82.1909, 33.865, 62.4308, 0, 61.2673, 0, 80.3925, 35.4788, 0, 0, 0, 76.5881, 1.9905, 29.9216, 4.9804, 0, 63.133, 19.1363, 0, 45.8919, 0, 49.303, 0, 89.9187, 0, 84.8307, 43.2278, 89.4207, 0, 0, 0, 95.4386, 0, 86.8681, 0, 0, 22.325, 0, 51.9953, 1.235, 0, 88.0135, 0, 29.1399, 6.6852, 0, 0, 64.2335, 40.6994, 0, 0, 83.7888, 0, 0, 1.899, 25.231, 85.5756, 0, 2.241, 90.8679, 53.3879, 17.2577, 97.348, 52.2685, 31.3867, 0, 61.5343, 0, 0, 32.0412, 25.094, 0, 48.368, 47.8306, 52.8254, 45.5108, 0, 30.2205, 24.2296, 71.2906, 43.2112, 93.2515, 0, 0, 28.0183, 93.9013, 0, 98.1412, 0, 47.9571, 30.7753, 0, 0, 0, 52.5547, 20.8501, 40.0788, 0, 0, 65.1713, 0, 0, 31.9325, 27.1721, 69.7163, 12.7074, 87.4638, 70.3976, 99.1108, 0, 0, 93.9507, 0, 5.0724, 70.5376, 44.9626, 39.5728, 40.1655]
[88.2945, 0, 0, 0, 0, 67.9016, 0, 0, 0, 0, 72.3425, 15.9328, 99.5817, 62.3211, 38.3564, 92.1271, 57.8232, 0, 44.2569, 19.0868, 44.3956, 0, 47.3662, 19.721, 12.5082, 26.1081, 87.6149, 0, 0, 0, 10.5299, 72.7711, 26.8291, 0, 0, 0, 0, 87.1495, 31.2077, 71.7081, 92.3932, 69.8803, 31.2918, 0, 0, 0, 0, 38.8157, 0, 7.265, 0, 0, 0, 76.0424, 67.2007, 0.8865, 43.7407, 0, 81.92, 93.5913, 8.0294, 0, 0, 0, 0, 8.6912, 61.5619, 0, 41.2383, 97.8525, 68.2181, 72.332, 17.6032, 84.8116, 24.2938, 0, 32.2552, 0, 0, 0, 22.8671, 30.7023, 0, 60.7806, 55.2521, 34.249, 24.6333, 0, 56.1477, 0, 2.9288, 0, 0, 0, 5.926, 0, 67.3466, 0, 1.7846, 17.4758, 86.375, 0, 88.1145, 2.3429, 30.093, 48.0632, 8.0909, 0, 87.1804, 0, 34.076, 13.3768, 0, 0, 7.9409, 0, 0, 0, 39.8324, 72.5049, 0, 34.8269, 40.5413, 0, 0]
[67.5654, 0, 21.6511, 0, 26.2135, 0, 47.4646, 55.7686, 46.5064, 83.2515, 0, 80.7584, 60.3838, 0, 2.7265, 45.881, 96.4696, 87.7712, 0.3169, 0, 0, 0, 0, 73.8713, 0, 53.5321, 47.0476, 15.6211, 89.2501, 41.244, 0, 0, 0, 97.884, 0, 0, 87.1495, 0, 0, 0, 0, 56.9074, 3.8815, 0, 48.7385, 0, 0, 61.8877, 0, 82.5074, 0, 0, 92.7122, 33.7796, 0, 0, 0, 0, 2.1737, 9.977, 0, 66.806, 0, 67.2506, 82.1121, 94.1914, 0, 0, 0, 0, 20.3246, 43.9462, 74.9212, 20.311, 34.1518, 8.0647, 0, 51.4612, 90.3877, 1.2143, 0, 0, 58.1707, 47.3773, 0, 0, 49.2221, 58.2362, 11.4215, 31.8488, 57.8765, 0, 0, 67.0331, 28.8069, 93.5822, 0, 0, 0, 0, 0, 0, 89.4528, 0, 0, 0, 61.0605, 0, 0, 94.7852, 0, 46.2103, 28.4536, 2.6463, 0, 0.5928, 0, 0, 70.1406, 46.1316, 0, 0, 0, 47.3825, 0]
[15.7506, 0, 18.8922, 77.9466, 0, 0, 0, 3.8056, 0, 43.2339, 61.6631, 0, 0, 27.3412, 0, 23.9079, 0, 0, 12.3925, 0, 18.5695, 83.3702, 0, 15.0434, 0, 0, 41.8647, 0, 56.2457, 93.7717, 7.5162, 65.1553, 12.4611, 0, 41.8569, 95.4386, 31.2077, 0, 0, 62.625, 3.6563, 0, 0, 0, 25.427, 43.848, 29.3771, 26.28, 0, 0, 0, 0, 45.3176, 9.047, 0, 0, 27.7646, 0, 0, 0, 0, 0, 0, 0, 53.9614, 0, 0, 0, 13.46, 15.0267, 0, 12.8312, 0, 0, 31.2837, 0, 37.397, 0, 75.047, 89.7153, 0, 0, 0, 0, 75.7276, 0, 0, 4.0249, 0, 0, 0, 0, 0, 1.5681, 0, 0, 41.1782, 75.8251, 31.5653, 0, 48.2546, 59.5656, 0, 0, 19.54, 93.2869, 0, 0, 0, 0, 0, 13.0994, 40.6738, 14.217, 16.2302, 32.0752, 72.8024, 74.0373, 0, 0, 96.2652, 8.7215, 0, 0, 12.3941]
[0, 0, 90.6813, 0, 0, 86.3767, 44.5299, 0, 0, 20.8095, 0, 0, 0, 0, 76.7319, 0, 0, 50.4931, 94.1789, 96.6164, 98.2913, 0, 35.0055, 0, 5.0058, 66.915, 42.2458, 23.5965, 24.2452, 62.5814, 29.4146, 46.8026, 0, 56.8612, 63.1284, 0, 71.7081, 0, 62.625, 0, 46.0442, 0, 77.6961, 15.7008, 0, 0, 49.2294, 0, 0, 26.6308, 0, 0, 4.5863, 18.5621, 50.01, 0, 5.1578, 0, 9.1935, 75.5686, 46.6617, 0, 0.7946, 0, 81.5903, 0, 0, 0, 85.833, 0, 1.8826, 0, 0, 11.189, 96.6305, 1.1448, 60.9957, 94.2372, 0, 0, 0, 0, 29.1565, 84.1836, 39.0052, 0, 0, 0, 12.5756, 60.4588, 31.2723, 30.405, 96.4003, 0, 51.4763, 13.43, 52.237, 0, 0, 81.2698, 96.9889, 1.7133, 30.2271, 0, 99.1527, 89.3053, 78.3672, 0, 40.6325, 2.4297, 8.3322, 2.3366, 0, 60.132, 0, 0, 0, 0, 0, 47.8214, 95.1417, 0, 0, 46.5032, 24.2169]
[16.5565, 3.707, 0, 97.1621, 17.7609, 28.4345, 0, 30.0196, 0, 0, 83.6848, 68.6812, 69.8496, 0, 22.1805, 4.5773, 0, 0, 0, 0, 0, 38.2218, 53.9368, 97.8079, 0, 0, 0, 0, 65.9047, 0, 1.334, 0, 81.0862, 0, 55.1836, 86.8681, 92.3932, 0, 3.6563, 46.0442, 0, 46.6296, 35.1493, 40.2127, 0, 18.1692, 0, 5.0795, 0, 37.6372, 90.3128, 43.6348, 25.3008, 98.2398, 0, 0, 82.9459, 0, 77.243, 0, 0, 62.5417, 0, 31.3054, 64.3787, 0, 52.794, 0, 53.1106, 65.4221, 45.8305, 94.5602, 17.7041, 95.4848, 0, 0, 92.1635, 0, 51.3181, 0, 0, 7.3933, 61.7596, 84.3695, 21.638, 14.7659, 0, 0, 0, 97.75, 53.0891, 0, 6.0786, 99.1973, 0, 83.7841, 36.6884, 82.0986, 76.9453, 98.1774, 0, 0, 47.0728, 0, 0, 50.3255, 36.0423, 0, 0, 0, 90.4927, 98.0047, 59.6159, 89.4535, 0, 82.26, 66.8299, 0, 4.5068, 67.3164, 77.2892, 0, 85.5946, 0, 43.8914]
[44.028, 0, 0, 75.4722, 0, 27.4146, 93.9167, 89.9405, 90.1403, 0, 0, 90.478, 58.0763, 64.5811, 48.1028, 4.0448, 35.5296, 26.0453, 0, 98.1737, 96.3258, 0, 48.6902, 46.0996, 95.0268, 0, 0, 0, 0, 0, 62.8223, 3.8202, 0, 72.8767, 51.8601, 0, 69.8803, 56.9074, 0, 0, 46.6296, 0, 54.4619, 0, 16.7379, 6.3879, 45.9501, 0, 0, 60.5707, 0, 0, 98.849, 0, 89.3093, 0, 37.6395, 24.9339, 0, 0, 0, 68.0033, 75.185, 3.8522, 0, 0, 0, 0, 11.4727, 0, 0, 95.1595, 64.495, 29.181, 28.1031, 47.8936, 13.8147, 0, 50.4675, 0, 95.6145, 0, 0, 0, 1.7392, 63.8629, 0, 0, 33.5204, 0, 56.424, 26.8118, 30.2884, 62.6499, 29.7438, 4.1507, 0, 83.1004, 0, 0, 0, 93.1046, 4.4629, 0, 76.0901, 85.5232, 38.8522, 0, 51.4954, 89.6261, 0, 74.4036, 48.8517, 91.1674, 53.3338, 47.451, 0, 0, 72.776, 0, 0, 67.2087, 0, 0, 12.8994]
[14.7827, 46.3277, 0, 28.4966, 7.9457, 0, 0, 0, 0, 0, 31.2029, 0, 38.6875, 13.3473, 0, 0, 0, 75.4921, 0, 0, 0, 92.9569, 0, 0, 95.191, 0, 97.1987, 61.5547, 0, 20.9006, 0, 0, 10.5585, 98.9522, 71.8817, 0, 31.2918, 3.8815, 0, 77.6961, 35.1493, 54.4619, 0, 75.2532, 60.8961, 0, 14.8341, 31.6908, 0, 71.409, 0, 0, 0, 50.059, 0, 20.2825, 66.6332, 28.8176, 0, 77.7376, 0, 0, 29.9914, 12.1652, 0, 0, 0, 0, 50.8358, 23.3469, 0, 72.2364, 0, 0, 58.212, 54.8315, 0, 0, 45.6029, 0, 10.4954, 59.2743, 36.0768, 0, 0, 0, 0, 95.3566, 40.8656, 0, 70.7246, 0, 0, 0, 18.0379, 0, 0, 42.9999, 95.432, 0, 0, 14.2246, 0, 0, 61.8057, 0, 77.0265, 44.0754, 76.07, 0, 4.7923, 29.2632, 69.6094, 95.3185, 33.1569, 12.6334, 0, 27.3405, 13.0991, 72.5406, 11.6134, 0, 0, 48.5856, 0]
[76.3234, 0, 46.2138, 0, 92.1985, 56.3089, 40.2706, 0, 0, 0, 40.9404, 44.6191, 64.1277, 2.9489, 2.0021, 0, 37.3096, 0, 0, 0, 0, 0, 0, 45.4559, 47.7872, 85.1397, 0, 66.7156, 94.7792, 61.2185, 0, 31.8727, 0, 0, 0, 22.325, 0, 0, 0, 15.7008, 40.2127, 0, 75.2532, 0, 58.9069, 89.6522, 0, 0, 27.8433, 0, 81.4842, 80.8588, 0, 73.4793, 0, 0, 0, 0, 0, 0, 0, 0, 74.742, 0, 0.7301, 78.8691, 64.4875, 0, 77.4392, 0, 0, 2.9665, 0, 95.9582, 0, 17.5554, 79.2952, 71.2954, 0, 0, 39.4469, 31.1757, 47.9263, 24.1616, 0, 0, 0, 82.5889, 25.3713, 63.3095, 5.919, 94.3998, 15.8304, 0, 44.3369, 88.7689, 66.5313, 92.8282, 0, 62.3784, 0, 0, 98.1399, 13.1323, 0, 89.4766, 0, 0, 0, 74.5893, 0, 23.7487, 81.4036, 79.9211, 0, 0.9575, 72.8387, 0, 0, 41.5451, 42.2849, 0, 22.6085, 72.893, 0]
[50.2548, 0, 74.3094, 31.0383, 0, 0, 0, 0, 0, 0, 0, 0, 87.9978, 0, 0, 0, 0, 73.5746, 20.51, 0, 45.6481, 30.5045, 2.1659, 93.9971, 0, 83.196, 0, 0, 91.4704, 0, 99.7142, 0, 92.3231, 22.1331, 0, 0, 0, 48.7385, 25.427, 0, 0, 16.7379, 60.8961, 58.9069, 0, 0, 0, 56.2759, 76.0604, 94.9377, 81.6913, 0, 0, 0, 26.8494, 0, 79.7414, 56.4322, 13.5887, 90.0565, 84.1955, 0, 0, 43.9722, 0, 0, 29.5146, 14.1468, 40.3376, 31.236, 0, 91.0366, 69.651, 0, 42.4376, 48.0174, 0, 58.3617, 50.6713, 0, 0, 8.9505, 46.2728, 10.4004, 0, 42.0901, 0, 12.1583, 32.673, 0, 80.8226, 0, 0, 55.9788, 95.1155, 18.1929, 18.6494, 0, 0, 44.9431, 0, 0, 0, 66.4908, 36.5112, 0, 4.1901, 0, 53.3654, 0, 82.5916, 23.4212, 51.9782, 50.9666, 98.7834, 86.7879, 38.8542, 0, 17.1438, 1.1845, 0, 60.1908, 0, 11.3353, 22.2786]
[80.8629, 86.0099, 72.6721, 39.5347, 76.9154, 99.55, 26.1404, 0, 69.8348, 87.773, 91.252, 69.3686, 0, 91.4951, 33.443, 92.7784, 93.533, 0, 62.9668, 63.2338, 77.1057, 18.9772, 0, 40.7633, 0, 0, 0, 0.2227, 43.375, 99.9793, 90.2316, 0, 0, 74.7879, 42.3621, 51.9953, 0, 0, 43.848, 0, 18.1692, 6.3879, 0, 89.6522, 0, 0, 99.1703, 84.3302, 0, 0, 85.0862, 0, 0, 89.5118, 0, 0, 0, 0, 83.9225, 0, 59.2926, 47.5659, 0, 86.5966, 0, 52.7675, 0, 64.8731, 44.4214, 41.7866, 26.7364, 0, 18.5339, 65.3675, 0, 0, 10.257, 17.2571, 36.9482, 24.9127, 0, 0, 55.4533, 0, 0.7159, 0, 0, 0, 0.3896, 0, 89.2428, 0, 0, 37.0208, 76.1122, 30.2625, 0, 0, 45.7257, 0, 0, 35.1645, 80.3256, 45.1949, 0, 95.9603, 41.0589, 47.375, 0, 0, 67.8349, 55.5405, 79.7786, 29.9547, 0, 59.9077, 33.5341, 0, 23.9658, 0, 6.2133, 0, 78.1952, 64.4173, 0]
[0, 55.8242, 67.9849, 0, 0, 35.965, 10.2064, 8.8121, 0, 30.5977, 0, 36.7849, 0, 40.7142, 77.1867, 0, 40.4248, 0, 0, 0, 0, 0, 43.8692, 30.173, 0, 62.5019, 0, 32.9762, 0.76, 91.2472, 45.1283, 0, 6.651, 0, 28.101, 1.235, 0, 0, 29.3771, 49.2294, 0, 45.9501, 14.8341, 0, 0, 99.1703, 0, 68.8139, 0, 55.0008, 86.6499, 27.4796, 87.2032, 0, 0, 16.8128, 0, 74.1891, 27.3856, 0, 0, 86.9012, 0, 0, 90.3458, 83.3439, 0, 0, 38.8918, 0, 82.9307, 72.3722, 0, 11.1134, 52.1502, 14.7217, 69.2949, 1.284, 0, 0, 54.6143, 26.6473, 27.6557, 85.2189, 51.7781, 61.4619, 92.1797, 15.8903, 0, 0, 89.9799, 0, 0, 0, 62.3272, 78.32, 0, 97.1493, 34.6914, 30.2707, 0, 50.2336, 0, 85.5567, 0, 0, 0, 2.9703, 0, 0, 0, 0.3432, 0, 94.5759, 0, 6.7622, 94.8874, 69.5716, 66.9313, 71.0797, 4.1348, 45.3141, 51.9841, 77.3827, 0]
[98.1887, 49.5241, 37.7892, 0, 89.3752, 75.1786, 0, 0, 91.6102, 3.5051, 0, 0, 94.7957, 69.2736, 0, 0, 41.6135, 0, 87.5007, 0, 0, 0, 0, 85.2562, 66.4353, 87.4248, 29.4101, 33.1636, 0, 0, 0, 99.2999, 32.9376, 0, 0, 0, 38.8157, 61.8877, 26.28, 0, 5.0795, 0, 31.6908, 0, 56.2759, 84.3302, 68.8139, 0, 35.735, 0, 71.2378, 90.3921, 71.0121, 0, 29.9092, 26.3628, 13.2048, 3.6082, 99.9588, 10.2222, 50.7706, 0, 0, 4.1255, 0, 16.0457, 0, 14.6615, 47.4217, 0, 86.7726, 0, 90.5452, 0.7885, 0, 0, 43.6289, 41.0998, 22.8939, 0, 0, 0, 33.3521, 0, 0, 79.486, 0, 67.3767, 70.648, 65.4218, 0, 71.9561, 0, 7.4354, 2.6586, 0, 0, 39.6767, 61.6806, 14.7984, 33.0693, 0, 0, 65.3498, 42.572, 0, 20.105, 47.5081, 0, 9.0266, 0, 0, 0, 76.6294, 0, 63.2597, 0, 6.2488, 90.4677, 91.4399, 0, 19.7311, 22.3987, 6.9575, 66.8305]
[28.173, 46.3233, 77.8072, 0, 0, 0, 3.9925, 0, 27.1738, 0, 0.2127, 0, 45.3336, 0, 0, 0, 12.2869, 0, 0, 31.2868, 0, 0, 15.1107, 63.48, 0, 87.1386, 0, 26.3609, 69.4875, 13.0682, 0, 46.2764, 90.3842, 0, 13.8408, 88.0135, 0, 0, 0, 0, 0, 0, 0, 27.8433, 76.0604, 0, 0, 35.735, 0, 0, 0, 0, 60.6208, 0.0795, 0, 65.3699, 1.6497, 27.4391, 72.2226, 0, 87.8464, 0, 91.9828, 0, 13.2528, 16.5429, 0, 51.6253, 0, 2.6229, 0, 62.5732, 0, 0, 0, 0, 0, 0, 74.8804, 40.2901, 0, 39.4207, 45.0676, 41.9083, 0, 0, 73.0118, 53.886, 0, 57.7995, 31.9294, 0, 6.3525, 0, 0, 0, 0, 46.2853, 79.6619, 0, 11.0307, 0, 0, 38.8183, 54.022, 54.5107, 0, 26.6943, 0, 0, 9.6213, 69.2884, 22.021, 0, 4.2152, 51.2054, 0, 0, 0, 81.3604, 0, 0, 37.5796, 21.166, 0]
[16.5171, 0, 47.9511, 27.7852, 0, 31.1798, 35.3447, 56.4046, 57.605, 0, 27.5378, 18.5649, 0, 0, 12.7792, 54.2868, 99.3957, 23.7989, 0, 83.9543, 43.7597, 3.7542, 13.533, 11.7831, 5.537, 0, 62.5573, 0, 44.9062, 25.1025, 0, 49.4328, 0, 0, 0, 0, 7.265, 82.5074, 0, 26.6308, 37.6372, 60.5707, 71.409, 0, 94.9377, 0, 55.0008, 0, 0, 0, 0, 60.396, 0, 63.0706, 0, 62.0305, 0, 1.3816, 93.7092, 48.3989, 88.6954, 54.4271, 83.8624, 0, 37.7409, 42.3809, 85.9116, 72.5408, 22.1749, 0, 0, 23.6109, 0, 5.6333, 4.6634, 0, 94.0287, 0, 93.9326, 58.2611, 0, 21.5511, 0, 63.3015, 0, 14.3643, 0, 4.7589, 0, 68.9883, 41.3146, 22.8212, 67.8243, 0, 55.1213, 62.4367, 0, 37.3065, 0, 0, 0, 63.2993, 33.0384, 50.8022, 0, 0, 76.3079, 0, 58.7876, 6.5468, 55.6378, 61.0982, 0, 0, 0, 0, 40.0657, 32.8686, 0, 92.338, 70.1759, 6.7312, 29.5548, 0, 30.1651]
[18.8772, 0, 0, 97.8411, 63.8311, 37.9525, 0, 89.147, 0, 0, 0, 0, 86.908, 0, 0, 85.5917, 0, 0, 0, 57.5085, 0, 82.4696, 35.4359, 79.5244, 0, 64.9681, 0, 0, 0, 42.218, 69.1778, 62.3201, 27.2012, 52.8156, 15.4556, 29.1399, 0, 0, 0, 0, 90.3128, 0, 0, 81.4842, 81.6913, 85.0862, 86.6499, 71.2378, 0, 0, 0, 49.529, 0, 88.8876, 2.4321, 8.0564, 0, 55.2208, 9.8954, 0, 71.1179, 0, 0, 35.461, 46.3789, 31.215, 46.5342, 0, 61.6794, 0, 0, 3.5487, 29.9509, 0, 0, 0, 0, 0, 72.2515, 0, 0, 52.391, 0, 97.3486, 25.0707, 84.1176, 70.4119, 0, 0, 10.8949, 0, 53.6248, 65.6604, 19.4146, 58.7302, 9.4448, 48.2222, 0, 18.6668, 0, 62.717, 0, 9.2571, 77.8012, 0, 0, 0, 0, 0, 98.918, 0, 32.3995, 0, 73.2298, 81.7139, 13.8266, 0, 0, 87.0264, 19.6788, 9.349, 0, 14.1233, 0, 0]
