[0, 92.9978, 0, 0, 17.8177, 0, 0, 79.8881, 65.895, 0, 7.6392, 0, 0, 0, 38.8294, 0, 0, 97.1576, 30.2144, 64.7605, 34.1902, 0, 56.7987, 90.3317, 0, 50.7711, 0, 17.1762, 35.7958, 33.811, 0, 91.7974, 81.349, 70.7997, 0, 0, 53.0043, 0, 75.3901, 79.1358, 29.9237, 0, 16.9799, 70.2713, 0, 79.7873, 0, 0, 38.5293, 0, 22.9996, 59.0569, 24.3171, 41.1488, 0, 45.2869, 0, 50.3836, 32.0186, 36.3845, 5.9884, 68.7715, 42.7184, 47.9265, 82.9769, 4.9442, 0, 15.235, 0, 39.9291, 24.3344, 59.6623, 0, 0, 10.9922, 16.642, 0, 0, 2.6583, 0, 0, 7.0514, 0, 0, 88.442, 31.2492, 0, 0, 0, 0, 0, 6.85, 9.5716, 0, 17.2349, 98.3935, 0, 19.0681, 19.8593, 34.3947, 0, 0, 18.5434, 12.6983, 0, 0, 33.9737, 0, 42.1936, 82.6133, 0, 0, 49.4154, 0, 0, 0, 0, 45.7023, 31.481, 0, 4.331, 0, 0, 0, 0, 0, 72.3358, 0, 59.5374, 0, 0, 82.9613, 16.6184, 36.8014, 77.2935, 26.5337, 0, 0, 0, 0, 0, 0, 77.1581, 60.095, 49.9901, 24.6951, 0, 70.0079, 40.4966, 0]
[92.9978, 0, 0, 59.7074, 0, 0, 0, 0, 0, 97.3018, 0, 65.3368, 84.6752, 9.0291, 94.5033, 1.7876, 0, 70.2837, 95.5353, 0, 0, 89.2252, 79.6468, 55.9979, 85.5379, 70.1286, 33.3104, 12.7594, 0, 0, 0, 0, 34.1629, 0, 42.8954, 49.7444, 61.0963, 40.8303, 3.8098, 0, 13.8708, 0, 77.6867, 0, 65.0268, 0, 82.8962, 0, 0, 44.1829, 0, 12.9436, 41.2534, 38.1471, 21.0976, 84.7967, 0, 0, 0, 17.7233, 38.8002, 14.0058, 40.6663, 0, 0, 42.9558, 10.0925, 0, 0, 0, 81.8482, 0, 28.9526, 0, 36.7255, 2.3778, 0, 16.9977, 24.386, 11.3254, 0, 0, 0, 47.6197, 99.9649, 0, 58.8948, 56.6546, 58.5726, 46.7352, 76.2273, 0, 36.1174, 56.777, 0, 0, 0, 98.8071, 13.7782, 64.6274, 71.6508, 75.888, 42.2882, 71.2212, 15.7952, 95.0823, 0, 27.7505, 0, 14.413, 0, 43.1116, 22.0482, 51.9633, 69.034, 5.9666, 0, 0, 0, 0, 0, 28.0335, 79.175, 0, 93.6846, 33.7711, 55.8578, 0, 57.6162, 97.4957, 0, 27.0749, 0, 24.0242, 0, 59.2341, 0, 0, 88.3964, 3.6838, 0, 0, 99.732, 79.8564, 0, 0, 89.6715, 0, 14.1813, 30.3505]
[0, 0, 0, 36.9314, 83.0345, 0, 27.5596, 68.6179, 0, 0, 48.9478, 0, 29.0439, 97.0879, 0, 0, 74.7916, 68.0885, 0, 61.9155, 23.9081, 21.6795, 88.9149, 70.0402, 0, 31.3346, 89.7294, 94.2619, 19.8398, 0, 0, 95.0342, 0, 0, 0, 0, 0, 0, 31.8258, 0, 45.1559, 0, 0, 0, 55.5946, 0, 0, 55.6783, 44.154, 0, 31.9032, 0, 39.7502, 0, 0, 0, 58.718, 35.4809, 28.2915, 39.6614, 0, 28.4548, 7.2382, 84.843, 0, 1.7137, 19.4384, 3.4025, 0, 35.4083, 96.2619, 91.3719, 52.548, 43.9166, 93.8737, 3.9175, 0, 0, 0, 28.2523, 0.8817, 0, 60.8583, 29.7576, 35.9333, 0, 11.2634, 0, 0, 75.9185, 11.8318, 0, 9.5929, 16.6969, 0, 30.3808, 0, 57.0081, 0, 0, 67.4915, 49.2999, 91.6877, 78.191, 78.2933, 0, 0, 0, 0, 83.9688, 5.05, 0, 5.3834, 69.8287, 0, 0, 90.5428, 0, 85.2144, 85.8203, 9.8621, 17.8104, 0, 0, 0, 0, 96.6144, 88.0204, 0, 43.7113, 16.1725, 63.7776, 50.2897, 0, 65.7327, 0, 4.8632, 0, 24.4808, 0, 0, 0, 33.6735, 0, 0, 93.2111, 0, 38.9042, 63.139, 0]
[0, 59.7074, 36.9314, 0, 83.5628, 7.8826, 27.0951, 87.7855, 24.4604, 52.8033, 94.6832, 96.096, 29.662, 0, 0, 33.5329, 0.8976, 59.5574, 9.3614, 33.0537, 78.9266, 88.2515, 36.0045, 0, 69.2035, 31.1967, 15.7457, 0, 0.4522, 0, 8.2581, 43.9665, 48.192, 51.8624, 0, 71.1125, 0, 0, 16.8372, 0, 0, 63.9698, 32.5104, 0, 0, 6.0554, 19.1394, 0, 42.4143, 52.0079, 0, 74.2666, 29.5417, 31.4309, 97.1327, 0, 0, 0, 96.2142, 83.4067, 52.2298, 0, 0, 49.9979, 0, 0, 0, 12.4029, 0, 30.8072, 0, 98.9392, 0, 26.5062, 94.5099, 0, 0, 32.3667, 22.2923, 0, 0, 0, 0, 0, 36.1375, 18.3143, 0, 0, 84.4203, 0, 22.9725, 0, 0, 96.9047, 28.7751, 44.6863, 82.9147, 14.7316, 71.9911, 0, 60.3711, 0, 94.1046, 72.9747, 98.3554, 33.6232, 0, 12.962, 59.9595, 9.5207, 57.4453, 68.2086, 3.0397, 0, 84.5767, 59.5659, 0, 0, 77.2359, 25.2458, 0, 47.2981, 0, 0, 46.6126, 19.1353, 0, 32.2515, 23.148, 0, 34.9273, 16.009, 0, 72.2863, 0, 83.8167, 0, 0, 0, 19.7025, 0, 0, 0, 0, 73.359, 11.8449, 37.838, 0, 77.97, 78.7041]
[17.8177, 0, 83.0345, 83.5628, 0, 0, 0, 94.7098, 73.4864, 0, 0, 68.3576, 8.3901, 84.2379, 78.0477, 0, 0, 53.7097, 0, 69.0592, 0, 0, 93.987, 97.0192, 22.9531, 0, 0, 89.5992, 14.5628, 0, 92.8616, 45.5658, 32.249, 0, 0, 6.4467, 0, 0, 74.9598, 23.6504, 47.3263, 0, 0, 0, 0, 0, 31.155, 0, 5.0888, 0, 79.6534, 86.8558, 0, 0, 21.6667, 57.323, 0, 0, 95.2788, 19.3647, 73.1007, 61.0319, 0, 0, 53.7829, 81.3166, 41.7338, 25.3606, 85.4208, 0, 0, 0, 2.6724, 0, 37.8864, 98.3387, 69.4023, 0, 0, 43.5144, 15.0127, 0, 17.7775, 74.3591, 81.9906, 17.5933, 0, 0, 38.3607, 0, 44.1401, 21.1085, 88.3325, 0, 0, 0, 0, 98.4577, 0, 14.1545, 0, 16.8508, 94.6004, 0, 0, 10.293, 96.2209, 0, 0, 42.8383, 19.0237, 0, 52.7956, 13.1448, 0, 63.3649, 53.2669, 0, 0, 55.8746, 13.7236, 0, 42.2184, 72.9733, 0, 49.4953, 0, 0, 0, 0, 0, 30.3682, 28.3085, 10.6102, 13.8163, 87.8691, 0, 84.153, 0, 0, 92.5237, 37.7494, 51.9002, 0, 26.0034, 92.903, 0, 45.3493, 58.518, 68.4946]
[0, 0, 0, 7.8826, 0, 0, 0, 27.1193, 0, 0, 76.0944, 12.6648, 0, 72.429, 80.6794, 0, 90.5637, 0, 47.8815, 86.565, 39.8757, 56.2719, 58.0061, 34.112, 0, 37.898, 0, 18.2463, 53.9552, 99.9738, 16.5578, 0, 46.293, 0, 75.3016, 37.7782, 0, 35.1464, 79.6478, 0, 0, 29.9936, 52.3917, 0, 37.8589, 98.113, 24.1958, 0, 80.8818, 0, 0, 89.7572, 0, 28.5144, 1.5083, 72.5763, 0, 17.9584, 0, 0, 39.9301, 85.5335, 0, 5.5898, 0, 0, 0, 88.5869, 0, 46.8088, 0, 91.8792, 17.0973, 0, 55.3954, 98.6748, 0, 64.8956, 94.2311, 69.2837, 0, 54.5246, 18.7337, 66.2208, 27.9703, 5.1329, 0, 7.9687, 77.7171, 31.951, 0, 57.9377, 0, 58.2467, 0, 39.5856, 0, 0, 0, 71.0516, 20.9158, 54.0585, 86.2642, 86.8459, 97.8385, 0, 0, 6.812, 0, 0, 0, 26.2464, 67.9851, 76.7668, 0, 0, 26.5437, 0, 0, 32.6239, 0, 8.8622, 0, 18.5022, 69.8778, 0, 6.0987, 0, 54.357, 0, 29.5036, 93.5038, 99.2698, 22.9785, 0, 0, 0, 96.4197, 11.7305, 40.1952, 56.712, 21.3686, 97.8844, 0, 3.5481, 0, 72.0785, 0, 83.0096, 0]
[0, 0, 27.5596, 27.0951, 0, 0, 0, 0, 16.0782, 0, 0, 0, 0, 74.074, 0, 28.8514, 71.203, 0, 0, 24.2347, 0, 0, 70.0076, 78.4486, 23.0217, 0, 69.8617, 0, 0, 67.2786, 20.3994, 54.3735, 63.8482, 36.1356, 0, 54.8927, 74.4944, 0, 90.8921, 9.5493, 61.6363, 0, 0, 29.7162, 0, 0, 52.6383, 15.0833, 0, 96.2528, 77.8225, 93.581, 0, 14.8662, 23.6421, 9.1144, 0, 43.8311, 3.1725, 40.9657, 0, 80.4267, 0, 0, 0, 0, 54.5563, 12.3424, 0, 0, 31.0456, 80.451, 67.4618, 0, 49.0743, 28.1358, 0, 88.4912, 1.9265, 76.6744, 0, 14.6421, 0, 0, 0, 22.2106, 0, 74.3583, 0, 48.9042, 0, 70.0764, 67.1033, 0, 72.6091, 0, 0, 30.1171, 0, 0, 7.4067, 26.0541, 99.3844, 0, 0, 33.7862, 56.3799, 0, 37.6127, 0, 0, 82.5805, 34.6663, 0, 6.2126, 0, 0, 0, 15.0544, 0, 85.8302, 0, 0, 0, 35.5228, 3.0476, 23.7702, 0, 0, 54.883, 0, 47.4987, 53.8736, 53.7723, 0, 0, 1.6075, 6.6669, 41.1408, 0, 81.1821, 72.8432, 49.4417, 0, 0, 65.1139, 86.4323, 0, 3.8524, 39.0919]
[79.8881, 0, 68.6179, 87.7855, 94.7098, 27.1193, 0, 0, 50.1299, 58.3613, 89.6881, 0, 27.086, 20.3514, 70.8097, 0, 68.6561, 0, 93.7334, 0, 88.8995, 62.3588, 68.8005, 0, 0, 0, 0, 0, 23.1542, 17.7383, 0, 0, 72.2068, 73.4581, 0, 93.2979, 20.425, 0, 58.2987, 0, 0, 0, 0, 41.1838, 0, 51.2663, 32.6815, 0, 3.1791, 0, 44.5724, 0, 1.1324, 0, 55.9974, 33.8581, 47.4527, 98.5212, 74.57, 0, 0, 6.9493, 95.4439, 0, 0, 92.9191, 49.6499, 0, 0, 65.9086, 93.717, 0, 0, 99.4654, 11.8995, 16.4404, 0, 0, 0, 0, 0, 77.1129, 15.4679, 35.4049, 0, 64.0195, 0, 1.3939, 65.4669, 4.6374, 0, 0, 71.944, 85.1706, 73.7757, 43.1457, 0, 0, 73.6157, 0, 1.7603, 0, 39.486, 58.0944, 40.0996, 0, 0, 0, 34.3986, 0, 0, 41.845, 45.299, 2.0267, 87.6391, 0, 0, 2.3285, 84.8974, 37.3675, 0, 29.4694, 0, 0, 0, 21.6911, 12.0358, 38.2797, 0, 66.1175, 61.7177, 0, 78.4843, 6.6212, 0, 0, 0, 0, 22.2001, 58.3564, 64.4477, 53.6377, 0, 96.2847, 82.2946, 42.5212, 0, 57.8655, 27.5526, 0]
[65.895, 0, 0, 24.4604, 73.4864, 0, 16.0782, 50.1299, 0, 0, 1.3294, 6.9466, 0, 54.8323, 35.9478, 8.8784, 31.4371, 0, 0, 7.3946, 0, 61.8798, 0, 53.4444, 0, 0, 24.4227, 0, 0, 45.4037, 10.1059, 0, 0, 79.9248, 30.1812, 79.5899, 0, 0, 4.3755, 0, 0, 0, 0, 0, 35.154, 43.3999, 16.6842, 0, 64.9618, 0, 0, 74.6807, 0, 29.2097, 48.3468, 79.5211, 31.4918, 90.4154, 25.9059, 0, 0, 67.5763, 13.1457, 42.8296, 98.6707, 0, 0, 0, 0, 22.2138, 0.1889, 0, 0, 0.1578, 0, 62.5928, 0, 2.2319, 0, 70.2893, 46.1107, 27.2179, 0, 57.6795, 34.8168, 0, 33.6564, 38.0248, 0, 83.326, 79.0954, 0, 0, 60.5455, 32.0369, 51.1297, 0, 55.409, 91.0023, 0, 73.378, 0, 0, 87.0835, 93.4764, 77.3744, 7.9449, 0, 67.3074, 96.6923, 0, 0, 0, 73.6001, 14.3817, 0, 0, 21.1802, 11.3979, 63.9792, 11.1231, 61.4884, 77.2936, 84.3428, 98.3019, 0, 58.3913, 71.4249, 0, 0, 93.4091, 86.5049, 46.6726, 68.0191, 0, 98.7628, 0, 0, 0, 0, 50.021, 14.2976, 54.9741, 25.4249, 76.5687, 57.8538, 37.3161, 0, 0, 0]
[0, 97.3018, 0, 52.8033, 0, 0, 0, 58.3613, 0, 0, 0, 76.0222, 0, 0, 35.8765, 0, 0, 96.5642, 53.211, 22.9757, 0, 98.9532, 0.0269, 58.005, 55.1017, 65.8807, 0, 60.4126, 2.381, 0, 44.165, 96.0325, 80.7894, 0, 96.4133, 0, 77.1709, 58.1661, 0, 57.3312, 0, 53.4751, 8.5267, 0, 45.0349, 0, 0, 0, 0, 21.7831, 0, 65.2737, 0, 87.3194, 0, 0, 0, 50.2656, 80.4029, 0, 0, 23.5414, 0, 0, 3.0338, 38.871, 86.4698, 0, 34.5795, 78.3076, 0, 81.327, 0, 34.0651, 57.6946, 1.8894, 0, 27.4259, 0, 0, 83.5048, 13.2195, 64.5076, 0, 0, 70.1653, 20.2441, 71.9978, 0, 0, 33.922, 0, 0, 19.3122, 0, 20.6039, 41.5987, 0, 0, 0, 17.8318, 30.2665, 0, 19.3596, 0, 6.2585, 73.3285, 0, 0, 18.1078, 46.3296, 17.5796, 49.4159, 73.4686, 92.2229, 0, 68.8204, 0, 0, 67.9312, 45.3726, 11.3416, 0, 34.6237, 0.5716, 0, 0, 11.6914, 70.4719, 94.4, 0, 0, 95.0431, 80.0373, 0, 9.3903, 20.718, 37.9974, 76.9017, 53.8137, 51.6538, 20.6535, 51.2853, 75.4127, 86.1839, 0, 0, 47.689, 50.8089, 0]
[7.6392, 0, 48.9478, 94.6832, 0, 76.0944, 0, 89.6881, 1.3294, 0, 0, 0, 72.3453, 70.6812, 0, 0, 0, 0, 91.4248, 0, 21.9322, 0, 0, 0, 14.4968, 0, 70.8729, 31.3346, 80.4468, 0, 40.7351, 19.1382, 15.5814, 12.7424, 0, 54.3865, 21.0989, 0, 40.8573, 84.9121, 98.0359, 0, 0, 41.8845, 47.8686, 0, 37.5081, 59.8236, 84.2622, 0, 57.4827, 12.8404, 0, 0, 24.6423, 0, 77.5581, 0, 0.5111, 79.1927, 8.5261, 58.0361, 10.3805, 63.6278, 59.4196, 0, 0, 0, 0, 6.187, 0, 0, 0, 79.0597, 0, 36.1227, 99.2358, 7.2125, 73.2523, 24.146, 73.5939, 24.1541, 0, 0, 75.9081, 0, 0, 38.3579, 0, 0, 0, 0.3218, 0, 15.9427, 0, 2.6122, 59.702, 1.0226, 0, 92.3381, 0, 0, 14.5824, 0, 0, 52.8163, 4.4074, 0, 0, 58.002, 65.2221, 39.0326, 0, 32.0901, 54.5452, 89.1704, 64.7452, 23.3962, 84.309, 30.6075, 17.934, 0, 0, 0, 31.1957, 15.968, 33.0212, 0, 0, 0, 0, 66.8811, 79.1803, 0, 84.5078, 0, 43.3823, 0, 77.2795, 28.733, 0, 35.5083, 0, 0, 10.9795, 46.318, 95.0722, 26.5091, 15.0429, 25.4682]
[0, 65.3368, 0, 96.096, 68.3576, 12.6648, 0, 0, 6.9466, 76.0222, 0, 0, 0, 0, 0, 93.7335, 0, 18.0015, 51.5549, 0, 0, 98.7443, 12.4361, 19.1083, 66.9624, 64.3379, 0, 0, 51.3284, 54.807, 0, 0, 43.4366, 0, 90.0924, 19.081, 42.0208, 84.1457, 0, 0, 0, 0, 3.4311, 37.7219, 40.2383, 0, 35.1969, 12.5681, 53.6593, 9.9186, 52.2956, 5.2071, 63.2508, 77.3039, 27.3715, 0, 13.7765, 0, 54.015, 24.9346, 0, 24.4177, 35.0083, 0, 7.4757, 34.0557, 14.9603, 85.6872, 70.8588, 0, 0, 0, 0, 52.822, 0, 0, 0, 0, 25.9537, 62.3877, 71.7997, 0, 0, 81.4916, 75.2303, 55.4508, 87.9759, 0, 90.2817, 14.4445, 0, 0, 2.037, 9.726, 95.5813, 0, 39.1578, 0, 36.1921, 58.0704, 0, 0, 88.1565, 0, 0, 0, 0, 72.016, 0, 0, 92.0287, 0, 0, 0, 36.2677, 0, 38.1555, 26.7018, 98.2601, 78.0125, 0, 0, 14.3644, 0, 0, 83.0885, 0, 0, 0, 0, 56.1821, 0, 0, 69.512, 0, 66.1213, 81.2181, 0, 26.9069, 88.4289, 12.7714, 34.7413, 58.0609, 97.7185, 13.3989, 18.1535, 43.3501, 63.9591, 0, 0]
[0, 84.6752, 29.0439, 29.662, 8.3901, 0, 0, 27.086, 0, 0, 72.3453, 0, 0, 0, 0, 0, 0, 91.278, 40.1329, 0, 0, 0, 7.9356, 81.0453, 0, 59.9533, 0, 59.6233, 20.971, 43.5296, 0, 0, 0, 70.5394, 49.3886, 0, 69.286, 99.9981, 0, 57.1618, 33.5954, 47.5923, 0, 41.1291, 17.5637, 88.4859, 0, 0, 0, 30.089, 0, 7.9275, 0, 76.7493, 13.4309, 0, 79.1008, 66.0638, 18.9432, 0, 0, 0, 98.5134, 0, 9.0492, 0, 49.9884, 0, 22.3562, 0, 0, 0, 87.275, 0, 0, 0, 95.2739, 0, 56.9521, 95.4174, 0, 0, 0, 33.4594, 0, 16.9703, 0, 0, 63.076, 0.1569, 0, 75.9511, 79.6859, 58.9282, 23.6963, 0, 13.1159, 53.1696, 1.8774, 0, 0, 17.7838, 13.0527, 5.1982, 51.121, 20.5588, 68.5778, 0, 0, 44.1066, 0, 0, 28.0127, 22.744, 25.731, 0, 0, 47.4998, 0, 5.5044, 24.7204, 1.822, 21.2502, 0, 0, 48.4599, 4.6063, 71.0342, 99.2142, 73.9787, 0, 0, 0, 0, 15.9473, 0, 0, 25.308, 67.9814, 0, 0, 11.1359, 22.8794, 1.7854, 0, 22.4173, 97.3733, 7.6409, 7.4875, 70.3993]
[0, 9.0291, 97.0879, 0, 84.2379, 72.429, 74.074, 20.3514, 54.8323, 0, 70.6812, 0, 0, 0, 0, 31.6167, 0, 0, 0, 77.591, 0, 0, 0, 8.497, 21.2546, 92.4863, 0, 82.4023, 63.6825, 0, 0, 0, 23.5324, 84.6738, 33.7518, 0, 35.7656, 98.1167, 0, 6.1489, 0, 0, 20.9942, 0, 32.8423, 0, 0, 21.2718, 0, 93.2074, 0, 58.5373, 35.0992, 0, 0, 28.6876, 23.0713, 0, 0, 0, 0, 0, 0, 77.0907, 8.8654, 27.7012, 59.8102, 47.8224, 0, 0, 0, 0, 0, 74.6119, 13.1487, 0, 0, 0, 0, 51.5189, 0, 45.4751, 97.6024, 0, 0, 0, 67.8116, 0, 0, 74.5201, 2.0516, 86.2648, 95.8897, 2.3756, 85.5018, 0, 0, 94.7382, 33.9523, 44.2527, 44.9938, 0, 3.9801, 60.2218, 32.3453, 35.0109, 0, 1.1938, 33.0582, 64.4366, 0, 51.4155, 40.2521, 0, 0, 11.8756, 0, 36.7166, 65.1346, 24.2653, 0, 37.8847, 46.7928, 76.0981, 0, 73.6653, 89.394, 62.8224, 0, 57.1059, 34.5252, 34.5333, 0, 30.2429, 12.7926, 0, 0, 59.6004, 97.8947, 80.7292, 67.347, 67.4221, 0, 0, 25.7244, 0, 0, 0, 23.5757, 0]
[38.8294, 94.5033, 0, 0, 78.0477, 80.6794, 0, 70.8097, 35.9478, 35.8765, 0, 0, 0, 0, 0, 40.5812, 0, 27.9777, 22.5066, 65.5092, 0, 69.1691, 70.8506, 68.5409, 0, 56.4785, 0, 85.5376, 78.7797, 14.3411, 0, 85.1807, 71.027, 0, 90.947, 0, 1.646, 2.4191, 0, 27.3573, 0, 24.1881, 0, 0, 0, 78.3153, 83.6128, 6.1072, 0, 0, 83.1163, 18.9234, 1.2277, 59.2928, 96.7785, 97.7562, 58.2226, 0, 38.6063, 0, 99.7897, 41.9028, 51.7198, 0, 47.6222, 0, 80.6935, 28.568, 0, 31.0119, 0, 20.032, 75.0855, 21.3821, 0, 24.6333, 0, 0, 25.3704, 61.1683, 73.3273, 0, 0, 61.1786, 31.5185, 0, 0, 39.1294, 0, 0, 0, 0, 42.519, 0, 0, 92.8827, 91.6414, 0, 0, 0, 33.7176, 98.5249, 15.6575, 0, 73.2906, 87.9344, 0, 50.2088, 0, 79.472, 0, 30.5011, 90.8231, 87.9318, 0, 93.821, 0, 16.5909, 20.7551, 0, 10.0902, 0, 67.4798, 0, 32.876, 0, 0, 82.3002, 19.1007, 0, 0, 35.1573, 0, 47.8543, 41.2607, 0.5825, 0.6143, 4.1677, 98.7322, 60.1828, 69.3272, 88.2648, 0, 67.7403, 0, 0, 0, 0, 0, 16.7298]
[0, 1.7876, 0, 33.5329, 0, 0, 28.8514, 0, 8.8784, 0, 0, 93.7335, 0, 31.6167, 40.5812, 0, 6.3536, 92.8811, 0, 0, 22.2294, 28.6276, 0, 68.5698, 49.0958, 65.8251, 0, 0, 0, 13.8998, 41.942, 99.6533, 21.1782, 83.1529, 0, 0, 0, 0, 0, 0, 96.7541, 0, 0, 59.948, 93.5986, 0, 79.8568, 21.7325, 0, 0, 8.2675, 88.8559, 0, 22.5039, 83.5545, 85.6243, 0, 0, 97.6703, 18.4275, 45.8209, 78.4515, 41.7291, 0, 0, 0, 17.0047, 20.6219, 0, 0, 86.0134, 85.3119, 0, 68.6646, 39.9947, 0, 0, 6.0708, 0, 0, 0, 0, 18.4188, 0, 0, 66.9119, 55.4772, 68.1197, 42.8955, 61.4102, 37.1099, 0, 0, 0, 47.7106, 51.8282, 37.4051, 23.4613, 0, 46.5849, 28.1163, 99.8394, 63.0143, 35.6686, 0, 22.507, 75.2355, 88.9724, 90.1794, 0, 27.0471, 51.7014, 41.7496, 52.9939, 5.3729, 86.1614, 0, 64.6631, 0, 0, 33.3584, 7.482, 81.8767, 0, 0, 0, 81.9167, 0, 30.7416, 0, 12.8492, 2.6309, 30.5336, 74.4745, 69.2809, 44.4812, 73.2325, 0, 69.4566, 0, 0, 0, 9.2831, 45.3161, 73.4494, 17.861, 55.8506, 59.8236, 0, 0]
[0, 0, 74.7916, 0.8976, 0, 90.5637, 71.203, 68.6561, 31.4371, 0, 0, 0, 0, 0, 0, 6.3536, 0, 0, 92.0644, 0, 0, 80.8237, 4.2209, 0, 0, 64.2493, 25.1153, 39.3493, 48.9843, 0, 74.4068, 61.1514, 0, 0, 89.9644, 0, 68.0811, 0, 32.9204, 73.6416, 0, 5.7398, 72.4316, 4.8326, 50.0853, 0, 0, 29.1623, 0, 85.0078, 0, 24.9061, 0, 43.4504, 88.4429, 99.5985, 43.9585, 83.968, 0, 23.1888, 15.324, 8.2654, 0, 0, 53.974, 39.3905, 0, 72.3177, 23.9669, 0, 22.5311, 31.611, 39.6362, 83.0043, 0, 79.0703, 0, 0, 18.6721, 37.6304, 65.532, 94.2687, 0, 0, 34.4845, 0, 0, 66.6042, 0, 75.1625, 0, 0, 96.2563, 0, 0, 0, 63.9255, 0, 33.4336, 79.7883, 0, 0, 0, 83.3402, 16.9798, 94.0376, 49.6369, 0, 72.1965, 8.086, 82.7352, 95.9097, 25.9442, 18.6297, 45.1936, 10.7624, 45.0904, 98.6518, 7.6626, 0, 0, 0, 39.9706, 57.24, 31.4927, 16.2838, 0, 78.263, 27.6131, 15.8095, 0, 0, 61.9586, 0, 0, 20.2479, 0, 9.2828, 56.0669, 40.6548, 59.9643, 37.4623, 0, 71.0806, 79.6884, 0, 0, 92.4422, 52.2601, 9.1405]
[97.1576, 70.2837, 68.0885, 59.5574, 53.7097, 0, 0, 0, 0, 96.5642, 0, 18.0015, 91.278, 0, 27.9777, 92.8811, 0, 0, 41.0371, 0, 84.6357, 17.8999, 6.4669, 53.4958, 87.647, 0, 21.8757, 79.0439, 0, 0, 0, 0, 60.8677, 61.1225, 0, 0, 38.1816, 12.9988, 0, 91.6573, 7.594, 0, 0, 0, 82.4638, 0, 0, 0, 0, 72.0315, 18.3861, 0, 97.0697, 0, 78.2046, 13.06, 0, 97.0628, 58.1962, 23.4423, 76.7184, 0, 37.2305, 79.4246, 73.9564, 22.7362, 0, 77.877, 78.2439, 0, 0, 52.0829, 7.2248, 77.152, 57.8845, 0, 87.6654, 9.4349, 22.1848, 80.4748, 0, 42.2599, 0, 0, 63.2745, 0, 16.2553, 0, 0, 36.6193, 0, 17.883, 0, 79.5194, 0, 0, 31.5621, 95.9258, 47.5852, 0, 48.3094, 98.1869, 0, 4.4401, 82.6263, 0, 0, 42.204, 37.6543, 0, 0, 0, 75.4017, 92.3524, 0, 90.2732, 0, 0, 0, 74.8725, 21.5838, 85.0002, 65.2336, 0, 0, 42.2326, 0, 1.4172, 27.2463, 9.67, 98.0602, 0, 16.4402, 0, 0, 0, 18.9885, 32.3442, 0, 54.6141, 0, 1.783, 43.2795, 0, 75.6865, 0, 0, 0, 44.8279, 0]
[30.2144, 95.5353, 0, 9.3614, 0, 47.8815, 0, 93.7334, 0, 53.211, 91.4248, 51.5549, 40.1329, 0, 22.5066, 0, 92.0644, 41.0371, 0, 44.9327, 0, 89.846, 0, 0, 0, 58.3657, 0, 0, 41.483, 0, 72.9291, 0, 0, 61.4383, 0, 64.9433, 0, 12.6014, 0, 10.6704, 0, 0, 88.2369, 4.7944, 80.0328, 76.9881, 0, 0, 67.4186, 0, 94.8318, 0, 12.3831, 21.4897, 63.966, 0, 55.3131, 0, 0, 0, 0, 0, 89.8342, 0, 0, 33.9319, 0, 34.0446, 0, 0, 0, 0, 0, 0, 7.5735, 0, 80.5617, 0, 70.6708, 0, 46.8716, 51.9454, 0, 0.8823, 16.4929, 40.1019, 0, 98.1408, 11.605, 0, 0, 30.4588, 28.8475, 0.536, 0, 0, 0, 19.2605, 91.2505, 0, 0, 13.0282, 81.7769, 75.8814, 0, 0, 81.4077, 52.239, 0, 0, 0, 65.95, 0, 0, 0, 88.7944, 11.6682, 2.8295, 0, 52.7771, 0, 50.0415, 76.9211, 0, 83.9531, 90.7555, 0, 57.7096, 74.7895, 0, 0, 56.0034, 71.9479, 0, 59.3009, 59.8609, 4.3338, 0, 0, 86.3437, 0, 35.7085, 0, 0, 31.936, 0, 0, 0, 0, 26.769]
[64.7605, 0, 61.9155, 33.0537, 69.0592, 86.565, 24.2347, 0, 7.3946, 22.9757, 0, 0, 0, 77.591, 65.5092, 0, 0, 0, 44.9327, 0, 0, 32.5001, 0, 0, 55.2704, 0, 49.9517, 0, 0, 42.6739, 0, 94.9476, 0, 0, 95.1201, 69.4865, 0, 1.8939, 41.7821, 94.3645, 0, 30.4236, 20.9404, 31.6462, 86.5485, 32.9672, 0, 87.7249, 0, 40.6531, 0, 59.6482, 0, 0, 0, 71.7509, 34.242, 0, 74.6299, 0, 20.0745, 0, 77.1889, 0, 0, 74.698, 0, 7.5983, 0, 44.9926, 5.0528, 0, 0, 87.7466, 19.905, 83.0376, 0, 0, 66.56, 33.2594, 80.8037, 38.2824, 0, 44.5394, 37.4969, 92.4565, 0, 16.322, 0, 11.7572, 56.8993, 0, 16.5761, 99.6504, 0, 0, 29.3472, 52.573, 80.5193, 83.3457, 87.8721, 95.3577, 18.6013, 0, 0, 0, 77.5182, 91.5681, 94.9095, 8.019, 25.5962, 59.2619, 0, 80.3473, 61.2903, 0, 0, 0, 0, 55.5507, 4.2775, 0, 70.8385, 0, 44.5126, 63.5845, 3.523, 0, 0, 0, 0, 58.8063, 68.9063, 68.4364, 37.0432, 95.33, 0, 73.9071, 36.3279, 82.6392, 0, 58.2772, 91.1514, 0, 89.3185, 67.0999, 0, 86.77, 56.2587, 75.0267]
[34.1902, 0, 23.9081, 78.9266, 0, 39.8757, 0, 88.8995, 0, 0, 21.9322, 0, 0, 0, 0, 22.2294, 0, 84.6357, 0, 0, 0, 17.4283, 0, 30.5369, 49.1494, 58.1594, 0.4486, 53.4513, 27.1497, 0, 0, 0, 30.0034, 0, 0, 0, 51.9202, 0, 0, 0, 0, 0, 61.0653, 59.0567, 0, 0, 81.6902, 35.7014, 0, 0, 0, 27.3333, 0, 44.1518, 85.6865, 63.8219, 0, 75.4994, 0, 0, 60.5185, 0, 0, 0, 0, 0, 0, 23.2645, 0, 0, 40.8982, 0, 0, 48.9638, 33.1898, 44.5483, 0, 0, 0, 0, 0, 0, 0, 96.3633, 25.0442, 67.5637, 0, 76.7433, 43.1746, 3.895, 69.099, 15.2331, 77.8947, 0, 76.7671, 0, 0, 51.9276, 58.9159, 56.1883, 23.078, 0, 11.2766, 32.8144, 0, 0, 0, 0, 0.158, 43.5375, 71.4515, 50.0103, 0, 0, 11.4929, 0, 0, 94.051, 38.3075, 7.7907, 0, 0, 36.5773, 0, 43.5827, 0, 56.6504, 0, 0, 54.4232, 58.9025, 34.2117, 9.0979, 5.7388, 49.6046, 0, 0, 84.72, 72.8639, 27.1234, 84.3111, 0, 0, 0.7002, 33.3562, 0, 20.8901, 7.5378, 62.9562, 29.9561]
[0, 89.2252, 21.6795, 88.2515, 0, 56.2719, 0, 62.3588, 61.8798, 98.9532, 0, 98.7443, 0, 0, 69.1691, 28.6276, 80.8237, 17.8999, 89.846, 32.5001, 17.4283, 0, 0, 32.824, 0, 0, 0, 0, 70.9064, 92.8716, 0, 0, 44.4793, 0, 0, 40.9259, 0, 39.3922, 0, 34.2184, 44.7899, 0, 0, 30.2608, 37.9442, 0, 91.183, 24.7174, 95.3191, 98.2366, 18.7775, 0, 14.9626, 0, 40.4491, 0, 0, 0, 31.2455, 0, 9.3998, 0, 0, 97.8472, 61.7019, 67.9969, 0, 0, 0, 0, 0, 30.9024, 0, 28.0097, 53.7692, 82.5455, 0, 59.8039, 0, 0, 0, 0, 0, 6.6399, 0, 38.1989, 7.988, 67.3036, 50.5712, 24.6226, 0, 0, 68.3446, 0, 5.4402, 0, 0, 0, 65.8891, 0, 0, 0, 17.9893, 0, 84.1534, 46.4934, 0, 0, 77.1823, 0, 0, 0, 42.1333, 0, 44.2866, 87.5793, 41.0948, 0, 0, 51.4485, 0, 0, 54.3244, 0, 44.9092, 15.2394, 0, 0, 41.5146, 85.9828, 0, 0, 41.8467, 0, 0, 14.4885, 95.521, 0, 6.2456, 0.3497, 0, 0, 25.3001, 0, 35.0415, 0, 0, 13.919, 82.0381, 0]
[56.7987, 79.6468, 88.9149, 36.0045, 93.987, 58.0061, 70.0076, 68.8005, 0, 0.0269, 0, 12.4361, 7.9356, 0, 70.8506, 0, 4.2209, 6.4669, 0, 0, 0, 0, 0, 0, 0, 0, 95.4166, 0, 83.8722, 0, 0, 33.9404, 0, 0, 61.1461, 0, 48.3472, 71.239, 0, 49.6119, 53.3103, 0, 49.2951, 30.8261, 77.012, 0, 0, 0, 0, 46.5598, 19.9945, 63.4371, 18.5134, 0, 0, 36.34, 99.166, 0, 0, 53.3552, 99.7704, 80.5703, 0, 23.9927, 79.8379, 0, 0, 0, 0, 92.8569, 70.5281, 18.5025, 0, 0, 3.887, 0, 70.0476, 0, 34.3286, 22.751, 0, 67.4499, 0, 90.5442, 6.9358, 0, 14.1503, 34.5179, 0, 39.6507, 0, 65.7669, 0, 10.6681, 0, 0, 0, 7.6368, 0, 85.0492, 0, 0, 84.2565, 37.9165, 59.7312, 92.7185, 15.9413, 89.2079, 53.8696, 78.723, 20.2718, 1.7558, 0, 0, 0, 63.0257, 0, 0, 25.3141, 0, 0, 0, 0, 0, 0, 0, 25.5744, 26.6334, 0, 75.4809, 49.3771, 73.0189, 74.0468, 0, 67.8958, 0, 81.655, 83.5158, 0, 0, 0, 0, 33.0307, 32.6882, 60.9176, 51.1498, 28.0511, 76.9798, 0, 25.8992]
[90.3317, 55.9979, 70.0402, 0, 97.0192, 34.112, 78.4486, 0, 53.4444, 58.005, 0, 19.1083, 81.0453, 8.497, 68.5409, 68.5698, 0, 53.4958, 0, 0, 30.5369, 32.824, 0, 0, 99.4837, 84.7914, 4.9838, 0, 0, 0, 0.6836, 95.5235, 0, 64.4363, 75.8623, 68.3167, 0, 0, 56.6378, 0, 0, 61.1072, 0, 29.1419, 0, 24.1716, 0, 0, 0, 0, 20.9189, 71.9406, 0, 35.8153, 81.8658, 0, 9.4129, 81.4599, 1.6434, 12.2504, 6.0266, 0, 13.1086, 55.1507, 0, 94.5514, 0, 99.6149, 0, 86.1637, 0, 0, 42.993, 35.6988, 0, 76.9913, 0, 0, 90.8649, 85.5455, 0, 0, 0, 0, 0, 21.3499, 56.1612, 0, 0, 0, 0, 0, 0, 0, 55.2273, 0, 0, 0, 0, 0, 0, 16.705, 0, 11.805, 0, 18.2158, 0, 28.7558, 57.1428, 76.9801, 5.5111, 24.6678, 0, 22.4703, 91.8336, 83.9644, 0, 0, 30.8326, 71.5058, 0, 93.3795, 39.9433, 0, 67.3374, 0, 0, 0, 0, 0, 64.2738, 0, 0, 0, 0, 33.9444, 88.9326, 0, 0, 69.0713, 50.5725, 85.731, 9.1199, 73.5472, 0, 0, 0, 0, 65.8295, 0]
[0, 85.5379, 0, 69.2035, 22.9531, 0, 23.0217, 0, 0, 55.1017, 14.4968, 66.9624, 0, 21.2546, 0, 49.0958, 0, 87.647, 0, 55.2704, 49.1494, 0, 0, 99.4837, 0, 0, 60.1497, 60.7966, 0, 0, 58.1962, 0, 60.5889, 0, 0, 38.8986, 22.1216, 87.18, 17.8893, 66.2013, 52.6478, 23.3024, 50.8543, 54.9206, 18.351, 0, 46.4864, 10.8457, 51.8154, 37.7519, 0, 0, 25.8414, 7.4098, 67.7169, 36.2232, 0, 0, 15.7954, 44.3878, 0, 69.6033, 75.7303, 0, 92.1909, 34.3791, 0, 0, 67.0291, 62.9608, 0, 11.3968, 0, 0, 44.4767, 3.8652, 95.4888, 77.2134, 0, 74.2435, 0, 13.6528, 0, 0, 63.5367, 0, 56.7749, 25.5917, 0, 0, 41.9374, 39.7121, 0, 20.9764, 48.9548, 0, 0, 54.7247, 75.8873, 3.8499, 0, 31.0954, 0, 0, 59.831, 5.3868, 0, 18.9916, 0, 0, 56.9484, 30.4124, 0, 0, 53.4937, 66.0242, 41.2056, 0, 17.9043, 32.797, 0, 24.7163, 0, 48.8117, 40.1152, 0, 0, 0, 58.0907, 0, 0, 1.8328, 0, 0, 0, 14.8581, 97.6332, 83.3511, 39.5918, 15.0541, 0, 0, 74.4425, 0, 48.3605, 41.2625, 1.1731, 0, 82.6293, 0]
[50.7711, 70.1286, 31.3346, 31.1967, 0, 37.898, 0, 0, 0, 65.8807, 0, 64.3379, 59.9533, 92.4863, 56.4785, 65.8251, 64.2493, 0, 58.3657, 0, 58.1594, 0, 0, 84.7914, 0, 0, 37.5984, 66.9022, 35.0127, 0, 18.8991, 56.0565, 72.1714, 12.6062, 72.8273, 36.3837, 0, 0, 81.4828, 0, 14.4363, 62.5101, 49.2588, 0, 68.0761, 0, 0, 0, 20.5197, 46.8872, 0, 0, 94.8317, 0, 44.4659, 0, 99.9991, 38.7981, 5.2037, 47.8488, 0, 0, 67.336, 0, 74.5506, 50.457, 68.315, 0, 95.8081, 79.8611, 94.8848, 0, 50.937, 88.1844, 0, 0, 88.0655, 0, 17.3491, 81.2823, 88.9558, 0, 59.5426, 76.9693, 0, 89.0155, 9.0761, 53.5391, 0, 0, 23.9795, 0, 0, 66.9535, 8.9813, 6.2663, 26.5449, 0, 76.1431, 18.5133, 26.9356, 16.1989, 18.8819, 0, 42.1349, 0, 72.2956, 56.3711, 75.4179, 20.4937, 11.7104, 5.0963, 0, 0, 0, 0, 0, 0, 20.414, 0, 0, 51.0138, 11.7721, 0, 0, 34.3946, 9.6826, 24.9251, 0, 67.1135, 2.5045, 98.5174, 0.0596, 37.7081, 0, 0, 0, 6.2495, 34.3448, 34.9261, 93.448, 52.4395, 40.2334, 82.5475, 54.9292, 0, 0, 0, 0, 66.159]
[0, 33.3104, 89.7294, 15.7457, 0, 0, 69.8617, 0, 24.4227, 0, 70.8729, 0, 0, 0, 0, 0, 25.1153, 21.8757, 0, 49.9517, 0.4486, 0, 95.4166, 4.9838, 60.1497, 37.5984, 0, 0, 0, 0, 48.9921, 0, 0, 64.5218, 93.5687, 0, 0, 0, 30.3247, 28.7369, 61.1002, 61.1489, 0, 74.9092, 8.4987, 95.5237, 38.8146, 68.0068, 0, 0, 45.6136, 0, 0, 57.8222, 29.89, 54.4184, 0, 0, 15.1971, 0, 49.8995, 76.2277, 0, 57.2492, 21.6108, 1.9523, 25.2973, 0, 56.8152, 2.9638, 0, 43.6917, 0, 0, 70.2576, 85.197, 0, 3.1352, 17.3285, 88.9142, 94.2333, 80.2101, 0, 0, 0, 17.1632, 47.4719, 0, 77.4528, 0, 96.6028, 0, 41.5178, 0, 87.4449, 95.8679, 0, 0, 0, 0, 62.0355, 93.7783, 0, 0, 0, 1.1727, 0, 49.659, 93.229, 4.8007, 0, 31.3099, 0, 9.6038, 87.7629, 0, 3.7649, 91.5769, 18.9616, 42.1036, 19.8461, 0, 0, 27.5756, 13.3362, 0, 0, 0, 43.9064, 0, 0, 0, 30.7224, 0, 52.3091, 0, 62.0441, 88.4676, 96.9832, 0, 8.7744, 0, 0, 0, 0, 54.9173, 1.3635, 43.7736, 0, 0]
[17.1762, 12.7594, 94.2619, 0, 89.5992, 18.2463, 0, 0, 0, 60.4126, 31.3346, 0, 59.6233, 82.4023, 85.5376, 0, 39.3493, 79.0439, 0, 0, 53.4513, 0, 0, 0, 60.7966, 66.9022, 0, 0, 34.8283, 0, 0, 98.5021, 19.7261, 90.7319, 10.4168, 0, 0, 0, 0, 58.9631, 48.0934, 0, 25.8583, 0, 0, 0, 64.577, 0, 0, 97.5535, 30.832, 51.5435, 0, 25.3777, 32.7109, 12.9181, 0, 0, 84.9974, 37.496, 72.5597, 85.9871, 14.1664, 0, 0, 42.9327, 0, 34.4623, 86.924, 90.4932, 27.2423, 0, 79.345, 10.8573, 0, 49.654, 78.2078, 0, 0, 38.8354, 0, 0, 16.9472, 25.9904, 0, 0, 26.8259, 77.0553, 84.0782, 0, 45.9187, 0, 61.0235, 0, 77.4133, 0, 95.2224, 7.2508, 74.0258, 82.9049, 15.8814, 0, 0, 43.2399, 21.5333, 0, 62.8223, 0, 14.5117, 73.4258, 0, 0, 89.9709, 0, 46.3551, 0, 81.9564, 0, 0, 77.513, 39.0394, 49.5552, 81.8822, 27.5945, 82.1058, 6.287, 81.2017, 0, 82.7215, 0, 14.8972, 70.461, 0, 0, 0, 5.3586, 63.3176, 73.172, 0, 12.2687, 97.2543, 53.805, 0, 92.2434, 19.3936, 83.3058, 0, 0, 76.6628, 39.8361]
[35.7958, 0, 19.8398, 0.4522, 14.5628, 53.9552, 0, 23.1542, 0, 2.381, 80.4468, 51.3284, 20.971, 63.6825, 78.7797, 0, 48.9843, 0, 41.483, 0, 27.1497, 70.9064, 83.8722, 0, 0, 35.0127, 0, 34.8283, 0, 49.6818, 0, 38.0291, 0, 7.8858, 31.5208, 80.3775, 0, 29.9676, 0, 97.8915, 0, 0, 0, 0, 99.5935, 0, 42.6301, 31.6944, 0, 0, 0, 0, 97.6726, 62.233, 0, 0, 17.2968, 97.2985, 62.279, 2.3341, 85.9198, 0, 0, 0, 0, 0, 49.6135, 99.3768, 0, 16.0988, 0, 0, 0, 60.4898, 0, 69.5184, 68.1153, 20.7407, 0, 0, 0, 71.2453, 69.4982, 50.0458, 0, 89.4898, 1.9372, 0, 50.154, 0, 94.0242, 59.709, 0, 0, 39.2229, 38.807, 0, 76.384, 14.7151, 9.3317, 0, 0, 0, 0, 21.0793, 62.4412, 47.7622, 57.9285, 51.7695, 39.2192, 90.0406, 0, 0, 56.5509, 0, 0, 0, 0, 99.7743, 0, 0, 92.268, 14.5839, 52.9773, 0, 42.5289, 0, 44.1596, 0, 14.3477, 0, 0, 46.6986, 0, 0, 0, 81.6679, 0, 0, 90.7498, 6.4608, 80.8112, 0, 94.8225, 0, 81.3798, 0, 0, 0, 89.8389]
[33.811, 0, 0, 0, 0, 99.9738, 67.2786, 17.7383, 45.4037, 0, 0, 54.807, 43.5296, 0, 14.3411, 13.8998, 0, 0, 0, 42.6739, 0, 92.8716, 0, 0, 0, 0, 0, 0, 49.6818, 0, 56.3284, 0, 0, 0, 0, 95.3528, 0, 0, 7.643, 0, 15.1135, 0.5992, 0, 91.5343, 0, 6.3256, 91.3452, 73.0874, 64.4017, 22.343, 49.9502, 0, 0, 0, 0, 81.6212, 15.6799, 47.4768, 0, 80.0845, 0, 33.6757, 50.759, 23.8374, 0, 32.5265, 31.148, 33.505, 0, 51.3982, 26.4576, 37.4601, 65.1879, 0, 20.9425, 32.9829, 0, 0, 78.8608, 0, 0, 37.3627, 0, 0, 0, 0, 0, 52.6128, 25.7453, 0, 4.5316, 59.439, 0, 0, 5.3182, 0, 15.5629, 75.7714, 0, 67.9396, 81.0244, 0, 0, 59.8751, 0, 0, 72.7268, 41.8309, 39.989, 0, 0, 0, 56.334, 74.1621, 0, 10.6619, 79.2768, 44.8476, 0, 80.5306, 52.9986, 64.5097, 0, 68.5811, 72.4144, 79.5602, 0, 0, 0, 0, 0, 0, 6.6147, 93.2266, 91.2088, 0, 25.8848, 0, 72.517, 0, 70.4599, 5.5399, 25.0972, 33.5188, 93.8965, 65.5699, 0, 10.0621, 9.2186, 78.2457]
[0, 0, 0, 8.2581, 92.8616, 16.5578, 20.3994, 0, 10.1059, 44.165, 40.7351, 0, 0, 0, 0, 41.942, 74.4068, 0, 72.9291, 0, 0, 0, 0, 0.6836, 58.1962, 18.8991, 48.9921, 0, 0, 56.3284, 0, 0, 0, 54.671, 0, 42.8659, 5.9912, 0, 94.6718, 64.399, 28.8664, 1.353, 0, 78.6778, 25.3664, 0, 0, 23.437, 88.0482, 0, 0, 0, 20.5606, 0, 0, 0, 0, 48.8833, 0, 87.9927, 0, 65.754, 0, 68.7218, 0, 83.0555, 89.1695, 0, 0, 58.7814, 0, 0, 72.9657, 75.8462, 0, 0, 10.7424, 0, 31.5449, 19.603, 77.2654, 0, 0, 65.6933, 0, 0, 0.5961, 89.0464, 57.815, 0, 80.6356, 44.2272, 0, 87.9748, 62.1577, 0, 24.702, 39.7681, 0, 0, 24.5676, 0, 79.3571, 0, 3.2921, 12.5003, 59.4426, 35.0602, 0, 0, 60.998, 90.6704, 11.1809, 31.9422, 0, 0, 19.578, 30.9492, 2.0197, 25.0306, 37.5411, 0, 48.4542, 52.2098, 84.7609, 35.2943, 43.1521, 0, 7.0323, 65.26, 53.2031, 78.8472, 0, 79.5185, 0, 35.6975, 40.6554, 0, 0, 45.828, 0, 0, 16.6826, 99.6119, 0, 0, 12.9099, 5.6353, 45.9916, 4.3224]
[91.7974, 0, 95.0342, 43.9665, 45.5658, 0, 54.3735, 0, 0, 96.0325, 19.1382, 0, 0, 0, 85.1807, 99.6533, 61.1514, 0, 0, 94.9476, 0, 0, 33.9404, 95.5235, 0, 56.0565, 0, 98.5021, 38.0291, 0, 0, 0, 50.3188, 0.1256, 29.5496, 13.2056, 44.716, 36.105, 0, 58.7885, 75.0386, 38.6461, 34.1926, 53.1786, 24.3286, 1.9849, 0, 0, 0, 0, 0, 47.1678, 0, 10.1738, 84.3122, 88.9408, 90.8991, 74.6026, 39.1591, 99.0695, 3.9724, 0, 0, 49.6325, 82.8509, 0, 48.2024, 0, 0, 0, 99.6567, 0, 14.8143, 37.9917, 82.1397, 0, 23.6327, 52.4823, 0, 0, 52.2884, 0, 21.2259, 87.8, 57.573, 6.9006, 0, 29.9511, 12.2466, 15.5559, 0, 0, 81.2045, 43.3122, 0, 0, 79.5601, 55.1746, 44.442, 0, 0, 77.3476, 9.3715, 0, 0, 3.8242, 0, 0, 20.9783, 56.3644, 0, 17.0359, 67.4359, 0, 0, 0, 0, 0, 0, 0, 0, 0, 0, 0, 0, 24.3865, 25.035, 37.6226, 39.737, 58.3905, 29.5865, 0, 64.0393, 0, 56.3812, 0, 0, 60.4894, 0.9374, 68.9113, 59.0832, 0, 0, 0, 0, 82.6764, 22.1598, 57.6513, 95.4158, 18.9658]
[81.349, 34.1629, 0, 48.192, 32.249, 46.293, 63.8482, 72.2068, 0, 80.7894, 15.5814, 43.4366, 0, 23.5324, 71.027, 21.1782, 0, 60.8677, 0, 0, 30.0034, 44.4793, 0, 0, 60.5889, 72.1714, 0, 19.7261, 0, 0, 0, 50.3188, 0, 48.9471, 46.3645, 34.3983, 19.2304, 33.8262, 0, 35.2543, 86.4368, 40.5361, 6.26, 0, 0, 0, 94.2262, 87.9365, 19.5851, 43.4518, 3.022, 42.3627, 78.7128, 0, 0, 49.237, 79.088, 2.7624, 0, 0, 0, 23.8997, 32.8917, 0, 9.8905, 64.2886, 3.9553, 0, 0, 0, 30.0171, 0, 0, 0, 52.6067, 86.2871, 8.2333, 0, 0, 11.1994, 0, 61.8214, 0, 0, 63.1397, 0, 3.1141, 97.2078, 0, 79.0074, 89.2335, 0, 68.4573, 0, 75.0193, 78.1157, 50.966, 0, 0, 60.408, 0, 0, 45.7875, 46.1911, 15.5454, 90.5255, 19.2381, 6.8599, 0, 20.0971, 0, 64.8402, 24.2572, 11.0992, 30.4705, 97.8882, 8.2501, 0, 50.0978, 0, 76.8123, 0, 32.6456, 0, 19.73, 0, 64.0697, 33.003, 28.1446, 56.4986, 0, 91.4442, 18.6507, 0, 99.4278, 0, 0, 19.7778, 49.4648, 0, 0, 0, 0, 0, 5.1748, 0, 51.3233, 10.958, 59.6613, 0]
[70.7997, 0, 0, 51.8624, 0, 0, 36.1356, 73.4581, 79.9248, 0, 12.7424, 0, 70.5394, 84.6738, 0, 83.1529, 0, 61.1225, 61.4383, 0, 0, 0, 0, 64.4363, 0, 12.6062, 64.5218, 90.7319, 7.8858, 0, 54.671, 0.1256, 48.9471, 0, 38.3758, 0, 96.2618, 0, 22.8575, 46.3052, 0, 98.9317, 25.667, 53.176, 0, 70.8042, 11.7225, 0, 84.5524, 59.6565, 0, 14.7349, 0, 0, 0, 0, 13.8661, 0, 0, 0, 98.558, 0, 0, 0, 41.8556, 0, 31.7465, 0.5354, 0, 84.8224, 0, 81.8054, 89.6627, 90.6721, 91.7138, 0, 42.2398, 81.4621, 0, 19.3532, 48.3552, 10.2051, 0, 47.2256, 9.1043, 18.5129, 38.926, 29.0808, 0, 0, 35.3752, 55.1765, 32.0581, 44.1238, 82.6831, 0, 0, 73.7843, 73.5034, 73.4564, 0, 0, 36.3232, 13.0939, 0, 0, 51.2764, 81.7542, 0, 92.0164, 26.372, 0, 0, 0, 64.5714, 62.1277, 71.4151, 0, 0, 0, 5.2542, 63.9107, 0, 39.6443, 3.9646, 25.3987, 0, 0, 79.1571, 25.3675, 0, 20.4364, 0, 82.7642, 99.068, 84.3929, 0, 0, 0, 0, 48.9454, 84.6732, 25.3139, 0, 0, 72.9965, 0, 0, 35.4274, 0]
[0, 42.8954, 0, 0, 0, 75.3016, 0, 0, 30.1812, 96.4133, 0, 90.0924, 49.3886, 33.7518, 90.947, 0, 89.9644, 0, 0, 95.1201, 0, 0, 61.1461, 75.8623, 0, 72.8273, 93.5687, 10.4168, 31.5208, 0, 0, 29.5496, 46.3645, 38.3758, 0, 46.0405, 10.8144, 0, 46.9965, 79.8876, 50.0448, 95.6519, 0, 3.4808, 18.6981, 0, 73.7472, 44.3031, 5.0269, 0, 0, 0, 0, 26.0392, 0, 6.5675, 0, 0, 0, 8.7543, 0, 0, 41.3612, 33.7546, 0, 0, 59.1783, 82.714, 91.5217, 0, 0, 0, 0, 0, 95.678, 0, 0, 17.9785, 0, 52.6233, 49.7168, 1.396, 93.0465, 73.3169, 27.6742, 0, 20.6561, 0, 0, 0, 57.0436, 68.418, 43.4186, 0, 1.6918, 0, 85.5601, 0, 8.9891, 0, 97.0035, 34.5526, 0, 0, 17.3703, 0, 0, 0, 39.3446, 0.2968, 56.8122, 20.3099, 0, 10.6706, 89.7398, 1.288, 47.4113, 0, 0, 55.3216, 23.511, 8.9913, 24.4299, 61.1761, 7.565, 0, 0, 19.3401, 96.2387, 12.2557, 51.5181, 40.7951, 3.0658, 0, 0, 85.1324, 78.9666, 0, 21.1218, 84.0996, 85.728, 47.7008, 0, 33.5147, 0, 5.7703, 0, 0, 53.3524, 1.1044]
[0, 49.7444, 0, 71.1125, 6.4467, 37.7782, 54.8927, 93.2979, 79.5899, 0, 54.3865, 19.081, 0, 0, 0, 0, 0, 0, 64.9433, 69.4865, 0, 40.9259, 0, 68.3167, 38.8986, 36.3837, 0, 0, 80.3775, 95.3528, 42.8659, 13.2056, 34.3983, 0, 46.0405, 0, 69.501, 46.0005, 96.2616, 58.5808, 36.3275, 35.3505, 0, 93.2423, 4.1908, 4.8972, 39.9437, 37.5744, 73.6639, 0, 0, 87.5209, 0, 14.7889, 0, 0, 8.306, 0, 37.6687, 0, 0, 47.5665, 60.8659, 67.1592, 0, 0, 0, 0, 0, 22.8311, 1.9384, 0, 75.1667, 40.2983, 0, 0, 52.8092, 0, 0, 83.8641, 0, 78.4032, 81.9571, 0, 0, 87.4351, 68.8288, 37.5782, 64.7533, 78.9647, 0, 0, 43.5898, 0, 64.79, 47.9376, 79.8803, 27.5952, 34.2173, 0, 0, 28.0372, 34.8526, 15.1156, 0, 0, 46.3766, 48.5792, 87.7546, 74.1858, 11.2215, 0, 0, 0, 83.2685, 6.2429, 50.0776, 39.5256, 68.6482, 0, 0, 0, 0, 0, 98.7886, 0, 7.3798, 57.4315, 0, 0, 0, 0, 12.05, 0, 0, 9.6614, 0, 0, 76.7349, 0, 0, 55.6652, 95.0883, 85.7591, 49.4786, 61.2662, 0, 0, 32.2812, 0]
[53.0043, 61.0963, 0, 0, 0, 0, 74.4944, 20.425, 0, 77.1709, 21.0989, 42.0208, 69.286, 35.7656, 1.646, 0, 68.0811, 38.1816, 0, 0, 51.9202, 0, 48.3472, 0, 22.1216, 0, 0, 0, 0, 0, 5.9912, 44.716, 19.2304, 96.2618, 10.8144, 69.501, 0, 0, 0, 0, 0, 57.9934, 0, 0, 88.9247, 17.8897, 21.8435, 0, 0, 69.0039, 0, 5.8102, 0, 87.7751, 0, 16.983, 65.6434, 17.0853, 22.7953, 70.2827, 47.5822, 97.2115, 25.9352, 0, 32.4456, 59.6343, 24.8059, 62.9704, 48.8229, 35.5478, 78.3206, 12.3699, 1.5898, 68.3932, 59.1555, 29.9775, 0, 64.4719, 11.3175, 89.0311, 0, 54.7005, 0, 0, 75.25, 7.9226, 13.6956, 0, 43.4142, 67.1141, 50.4721, 83.4453, 2.4889, 0, 99.6222, 6.1466, 57.6255, 99.2703, 1.9123, 54.6847, 60.1156, 85.8493, 0, 0, 33.022, 0, 18.4509, 0, 0, 10.7546, 17.7623, 0, 27.3534, 0, 52.6265, 62.6423, 90.4602, 0, 33.3368, 0, 0, 0, 0, 19.6873, 0, 0, 19.8861, 51.3684, 85.6126, 69.492, 0, 0, 0, 0, 74.4682, 35.1242, 0, 74.1996, 68.4713, 18.5328, 78.3955, 4.4168, 31.5819, 94.3666, 3.0918, 0, 0, 0, 0, 0]
[0, 40.8303, 0, 0, 0, 35.1464, 0, 0, 0, 58.1661, 0, 84.1457, 99.9981, 98.1167, 2.4191, 0, 0, 12.9988, 12.6014, 1.8939, 0, 39.3922, 71.239, 0, 87.18, 0, 0, 0, 29.9676, 0, 0, 36.105, 33.8262, 0, 0, 46.0005, 0, 0, 74.8436, 56.397, 0, 0, 0, 0, 86.8659, 46.1768, 26.0697, 8.6138, 0, 38.6594, 34.5705, 0, 0, 0, 40.2425, 0, 37.2752, 0, 0, 48.2193, 43.2757, 8.4499, 39.6172, 68.059, 6.8313, 0, 96.0058, 32.4989, 49.7521, 45.6938, 0, 0, 0, 0, 0, 0, 67.3364, 95.0943, 0, 24.2621, 85.9293, 17.7748, 0, 0, 0, 80.0526, 69.3039, 29.0019, 0, 0, 58.964, 0, 0, 43.4794, 0, 38.1899, 94.8686, 0, 56.5011, 59.1143, 0, 69.3034, 0, 0, 56.0728, 81.2501, 0, 1.6572, 70.2409, 0.4812, 70.6772, 83.9202, 22.4405, 36.6847, 81.3449, 0, 10.493, 0, 20.4436, 0, 0, 0, 70.0305, 0, 56.4027, 49.4773, 0, 0, 0, 55.275, 91.0575, 0, 0, 69.3666, 91.8102, 9.392, 45.4944, 0, 0, 52.3332, 0, 0, 31.0918, 84.9939, 50.6434, 84.6782, 0, 70.3106, 88.6225, 0]
[75.3901, 3.8098, 31.8258, 16.8372, 74.9598, 79.6478, 90.8921, 58.2987, 4.3755, 0, 40.8573, 0, 0, 0, 0, 0, 32.9204, 0, 0, 41.7821, 0, 0, 0, 56.6378, 17.8893, 81.4828, 30.3247, 0, 0, 7.643, 94.6718, 0, 0, 22.8575, 46.9965, 96.2616, 0, 74.8436, 0, 4.2909, 60.8187, 0, 0, 44.0561, 38.1044, 0, 46.4482, 0, 34.1199, 99.6729, 0, 17.0845, 84.7679, 21.8843, 77.3817, 79.4063, 69.6361, 4.0007, 62.398, 44.4893, 66.4943, 53.0747, 0, 7.9292, 0, 3.9684, 0, 0, 80.8491, 84.088, 88.7455, 51.7525, 42.0496, 47.0375, 71.0758, 39.0542, 0, 21.0149, 64.4527, 0, 34.1703, 6.7523, 47.8166, 0, 0, 94.6564, 71.3095, 5.9936, 0, 30.4576, 0, 47.6812, 37.1623, 0, 0, 61.9512, 74.3228, 6.4442, 20.1813, 0, 64.1333, 0, 28.3352, 41.9689, 37.9873, 0, 0, 0, 32.4996, 0, 0, 0, 0, 0, 0, 66.7647, 27.2234, 98.2024, 0, 0, 44.7523, 24.8291, 98.101, 88.7743, 35.1328, 0, 0, 31.1791, 0, 2.3477, 0, 9.8586, 43.7774, 0, 0, 81.0496, 78.0476, 19.1518, 0, 77.0946, 0, 57.077, 79.1642, 31.8869, 59.0992, 66.9201, 14.7085, 0, 56.7938, 75.9265]
[79.1358, 0, 0, 0, 23.6504, 0, 9.5493, 0, 0, 57.3312, 84.9121, 0, 57.1618, 6.1489, 27.3573, 0, 73.6416, 91.6573, 10.6704, 94.3645, 0, 34.2184, 49.6119, 0, 66.2013, 0, 28.7369, 58.9631, 97.8915, 0, 64.399, 58.7885, 35.2543, 46.3052, 79.8876, 58.5808, 0, 56.397, 4.2909, 0, 44.6793, 22.2509, 75.1221, 0, 34.6125, 0, 35.265, 96.8498, 71.6599, 80.8951, 49.7733, 0, 76.1998, 5.8186, 0, 0, 59.2844, 0, 0, 62.2832, 0, 0, 0, 5.1959, 58.9839, 0, 0, 0, 0, 22.6184, 0, 0, 0, 0, 0, 0, 43.6678, 0, 0, 66.8671, 0, 22.1973, 0, 30.9232, 0, 0, 0, 20.3231, 38.5845, 3.1539, 0, 90.5236, 0, 0, 0, 0, 31.6432, 0, 0, 20.8442, 16.7223, 0, 35.1939, 75.0618, 24.8365, 0, 0, 74.9508, 4.9285, 0, 20.5319, 79.5721, 39.5805, 3.8637, 0, 0, 53.1638, 0, 94.732, 0, 38.3856, 54.1466, 0.7694, 89.1449, 47.418, 0, 0, 56.8533, 0, 95.0126, 49.4802, 50.1295, 57.5899, 47.3342, 0, 0, 0, 83.62, 0, 58.0267, 86.3172, 68.214, 0, 0, 0, 98.3035, 0, 0, 36.3976, 34.2238]
[29.9237, 13.8708, 45.1559, 0, 47.3263, 0, 61.6363, 0, 0, 0, 98.0359, 0, 33.5954, 0, 0, 96.7541, 0, 7.594, 0, 0, 0, 44.7899, 53.3103, 0, 52.6478, 14.4363, 61.1002, 48.0934, 0, 15.1135, 28.8664, 75.0386, 86.4368, 0, 50.0448, 36.3275, 0, 0, 60.8187, 44.6793, 0, 63.4173, 58.5122, 0, 0, 0, 0, 0, 1.2133, 89.2152, 67.8346, 0, 0, 0, 8.5812, 0, 0, 12.5148, 0, 46.2209, 47.3335, 26.0446, 81.2637, 93.0615, 89.1802, 0, 0, 88.3471, 0, 0, 69.3693, 0, 41.1667, 0, 15.9605, 46.2802, 0, 48.5743, 0, 0, 0, 12.5994, 11.4137, 75.4522, 58.9951, 0, 0, 0, 41.4009, 0, 2.6307, 0, 89.5872, 31.0743, 14.5504, 0, 57.9568, 27.5692, 25.7663, 0, 67.2001, 95.6267, 77.2425, 0, 80.0468, 59.508, 0, 0, 0, 0, 0, 88.8792, 62.9164, 25.0717, 6.9093, 40.6382, 44.7461, 61.3284, 4.4783, 79.6674, 6.2987, 0, 10.7659, 74.5687, 46.904, 0, 79.7556, 0, 0, 0, 64.4121, 0, 0, 80.267, 99.0878, 88.3906, 35.5894, 96.1397, 0, 86.637, 0, 27.4478, 6.6413, 0, 0, 27.2093, 52.1784, 76.8139, 21.248, 17.8691]
[0, 0, 0, 63.9698, 0, 29.9936, 0, 0, 0, 53.4751, 0, 0, 47.5923, 0, 24.1881, 0, 5.7398, 0, 0, 30.4236, 0, 0, 0, 61.1072, 23.3024, 62.5101, 61.1489, 0, 0, 0.5992, 1.353, 38.6461, 40.5361, 98.9317, 95.6519, 35.3505, 57.9934, 0, 0, 22.2509, 63.4173, 0, 10.3463, 0, 0, 0, 0, 81.9078, 13.8976, 0, 16.9692, 80.0433, 0, 23.9664, 31.4083, 49.6792, 82.1011, 26.0703, 86.5018, 64.6401, 18.9499, 57.5895, 8.3445, 0, 8.9879, 25.8116, 20.9132, 0, 65.9277, 21.355, 0, 87.3389, 0, 14.315, 0, 84.3451, 41.9658, 36.1374, 34.1944, 0, 0, 86.4984, 97.4858, 0, 0, 0, 0, 0, 0, 86.9927, 8.967, 67.5157, 44.5876, 91.9793, 95.3869, 26.9879, 0, 0, 27.9343, 0, 0, 94.5664, 83.3558, 0, 4.8059, 49.0226, 47.0582, 0, 0, 0, 63.6865, 0, 0, 24.26, 23.4527, 66.8218, 0, 39.4111, 49.0672, 49.8467, 0, 0, 0, 41.5068, 0, 42.3855, 0, 0, 82.5772, 0, 63.9888, 83.6322, 5.7627, 0, 8.1155, 75.0473, 23.2614, 0, 6.7354, 0, 70.6281, 0, 0, 0, 87.3063, 86.4342, 3.3214, 0, 0, 0]
